(kicad_pcb (version 20171130) (host pcbnew 5.1.6-c6e7f7d~87~ubuntu16.04.1)

  (general
    (thickness 1.6)
    (drawings 6)
    (tracks 170)
    (zones 0)
    (modules 13)
    (nets 20)
  )

  (page A4)
  (layers
    (0 F.Cu signal)
    (31 B.Cu mixed)
    (32 B.Adhes user)
    (33 F.Adhes user)
    (34 B.Paste user)
    (35 F.Paste user)
    (36 B.SilkS user)
    (37 F.SilkS user)
    (38 B.Mask user)
    (39 F.Mask user)
    (44 Edge.Cuts user)
    (45 Margin user)
    (46 B.CrtYd user)
    (47 F.CrtYd user)
    (48 B.Fab user hide)
    (49 F.Fab user hide)
  )

  (setup
    (last_trace_width 0.25)
    (trace_clearance 0.2)
    (zone_clearance 0.508)
    (zone_45_only no)
    (trace_min 0.2)
    (via_size 0.8)
    (via_drill 0.4)
    (via_min_size 0.4)
    (via_min_drill 0.3)
    (uvia_size 0.3)
    (uvia_drill 0.1)
    (uvias_allowed no)
    (uvia_min_size 0.2)
    (uvia_min_drill 0.1)
    (edge_width 0.15)
    (segment_width 0.2)
    (pcb_text_width 0.3)
    (pcb_text_size 1.5 1.5)
    (mod_edge_width 0.15)
    (mod_text_size 1 1)
    (mod_text_width 0.15)
    (pad_size 1.524 1.524)
    (pad_drill 0.762)
    (pad_to_mask_clearance 0.051)
    (solder_mask_min_width 0.25)
    (aux_axis_origin 0 0)
    (visible_elements FFFFFF7F)
    (pcbplotparams
      (layerselection 0x010f0_ffffffff)
      (usegerberextensions false)
      (usegerberattributes false)
      (usegerberadvancedattributes false)
      (creategerberjobfile false)
      (excludeedgelayer true)
      (linewidth 0.100000)
      (plotframeref false)
      (viasonmask false)
      (mode 1)
      (useauxorigin false)
      (hpglpennumber 1)
      (hpglpenspeed 20)
      (hpglpendiameter 15.000000)
      (psnegative false)
      (psa4output false)
      (plotreference true)
      (plotvalue true)
      (plotinvisibletext false)
      (padsonsilk true)
      (subtractmaskfromsilk false)
      (outputformat 4)
      (mirror false)
      (drillshape 0)
      (scaleselection 1)
      (outputdirectory ""))
  )

  (net 0 "")
  (net 1 GND)
  (net 2 /DN1)
  (net 3 /DN1_R)
  (net 4 /DP1_R)
  (net 5 /DP1)
  (net 6 /SENSE1)
  (net 7 /PP5000_VBUS)
  (net 8 /PP3300_REG)
  (net 9 PP3300)
  (net 10 /PULLUPDP)
  (net 11 /DP_RX)
  (net 12 /DN_RX)
  (net 13 /D_RX)
  (net 14 /PP3300_PU)
  (net 15 /USB_OE_L)
  (net 16 /SUS)
  (net 17 /DM_TX)
  (net 18 /DP_TX)
  (net 19 /SPD)

  (net_class Default "This is the default net class."
    (clearance 0.2)
    (trace_width 0.25)
    (via_dia 0.8)
    (via_drill 0.4)
    (uvia_dia 0.3)
    (uvia_drill 0.1)
    (add_net /DM_TX)
    (add_net /DN1)
    (add_net /DN1_R)
    (add_net /DN_RX)
    (add_net /DP1)
    (add_net /DP1_R)
    (add_net /DP_RX)
    (add_net /DP_TX)
    (add_net /D_RX)
    (add_net /PP3300_PU)
    (add_net /PP3300_REG)
    (add_net /PP5000_VBUS)
    (add_net /PULLUPDP)
    (add_net /SENSE1)
    (add_net /SPD)
    (add_net /SUS)
    (add_net /USB_OE_L)
    (add_net GND)
    (add_net PP3300)
  )

  (module Capacitor_SMD:C_0805_2012Metric_Pad1.15x1.40mm_HandSolder (layer F.Cu) (tedit 5B36C52B) (tstamp 5F5605DB)
    (at 93.98 53.34 90)
    (descr "Capacitor SMD 0805 (2012 Metric), square (rectangular) end terminal, IPC_7351 nominal with elongated pad for handsoldering. (Body size source: https://docs.google.com/spreadsheets/d/1BsfQQcO9C6DZCsRaXUlFlo91Tg2WpOkGARC1WS5S8t0/edit?usp=sharing), generated with kicad-footprint-generator")
    (tags "capacitor handsolder")
    (path /5F5E7CAF)
    (attr smd)
    (fp_text reference C3 (at 0 2.54 90) (layer F.SilkS)
      (effects (font (size 1 1) (thickness 0.15)))
    )
    (fp_text value 100n (at 0 1.65 90) (layer F.Fab)
      (effects (font (size 1 1) (thickness 0.15)))
    )
    (fp_text user %R (at 0 0 90) (layer F.Fab)
      (effects (font (size 0.5 0.5) (thickness 0.08)))
    )
    (fp_line (start -1 0.6) (end -1 -0.6) (layer F.Fab) (width 0.1))
    (fp_line (start -1 -0.6) (end 1 -0.6) (layer F.Fab) (width 0.1))
    (fp_line (start 1 -0.6) (end 1 0.6) (layer F.Fab) (width 0.1))
    (fp_line (start 1 0.6) (end -1 0.6) (layer F.Fab) (width 0.1))
    (fp_line (start -0.261252 -0.71) (end 0.261252 -0.71) (layer F.SilkS) (width 0.12))
    (fp_line (start -0.261252 0.71) (end 0.261252 0.71) (layer F.SilkS) (width 0.12))
    (fp_line (start -1.85 0.95) (end -1.85 -0.95) (layer F.CrtYd) (width 0.05))
    (fp_line (start -1.85 -0.95) (end 1.85 -0.95) (layer F.CrtYd) (width 0.05))
    (fp_line (start 1.85 -0.95) (end 1.85 0.95) (layer F.CrtYd) (width 0.05))
    (fp_line (start 1.85 0.95) (end -1.85 0.95) (layer F.CrtYd) (width 0.05))
    (pad 2 smd roundrect (at 1.025 0 90) (size 1.15 1.4) (layers F.Cu F.Paste F.Mask) (roundrect_rratio 0.217391)
      (net 1 GND))
    (pad 1 smd roundrect (at -1.025 0 90) (size 1.15 1.4) (layers F.Cu F.Paste F.Mask) (roundrect_rratio 0.217391)
      (net 9 PP3300))
    (model ${KISYS3DMOD}/Capacitor_SMD.3dshapes/C_0805_2012Metric.wrl
      (at (xyz 0 0 0))
      (scale (xyz 1 1 1))
      (rotate (xyz 0 0 0))
    )
  )

  (module Capacitor_SMD:C_0805_2012Metric_Pad1.15x1.40mm_HandSolder (layer F.Cu) (tedit 5B36C52B) (tstamp 5F5605CA)
    (at 94.615 65.405)
    (descr "Capacitor SMD 0805 (2012 Metric), square (rectangular) end terminal, IPC_7351 nominal with elongated pad for handsoldering. (Body size source: https://docs.google.com/spreadsheets/d/1BsfQQcO9C6DZCsRaXUlFlo91Tg2WpOkGARC1WS5S8t0/edit?usp=sharing), generated with kicad-footprint-generator")
    (tags "capacitor handsolder")
    (path /5F5A28C5)
    (attr smd)
    (fp_text reference C2 (at -4.191 -0.254) (layer F.SilkS)
      (effects (font (size 1 1) (thickness 0.15)))
    )
    (fp_text value 100n (at 0 1.65) (layer F.Fab)
      (effects (font (size 1 1) (thickness 0.15)))
    )
    (fp_text user %R (at 0 0) (layer F.Fab)
      (effects (font (size 0.5 0.5) (thickness 0.08)))
    )
    (fp_line (start -1 0.6) (end -1 -0.6) (layer F.Fab) (width 0.1))
    (fp_line (start -1 -0.6) (end 1 -0.6) (layer F.Fab) (width 0.1))
    (fp_line (start 1 -0.6) (end 1 0.6) (layer F.Fab) (width 0.1))
    (fp_line (start 1 0.6) (end -1 0.6) (layer F.Fab) (width 0.1))
    (fp_line (start -0.261252 -0.71) (end 0.261252 -0.71) (layer F.SilkS) (width 0.12))
    (fp_line (start -0.261252 0.71) (end 0.261252 0.71) (layer F.SilkS) (width 0.12))
    (fp_line (start -1.85 0.95) (end -1.85 -0.95) (layer F.CrtYd) (width 0.05))
    (fp_line (start -1.85 -0.95) (end 1.85 -0.95) (layer F.CrtYd) (width 0.05))
    (fp_line (start 1.85 -0.95) (end 1.85 0.95) (layer F.CrtYd) (width 0.05))
    (fp_line (start 1.85 0.95) (end -1.85 0.95) (layer F.CrtYd) (width 0.05))
    (pad 2 smd roundrect (at 1.025 0) (size 1.15 1.4) (layers F.Cu F.Paste F.Mask) (roundrect_rratio 0.217391)
      (net 1 GND))
    (pad 1 smd roundrect (at -1.025 0) (size 1.15 1.4) (layers F.Cu F.Paste F.Mask) (roundrect_rratio 0.217391)
      (net 8 /PP3300_REG))
    (model ${KISYS3DMOD}/Capacitor_SMD.3dshapes/C_0805_2012Metric.wrl
      (at (xyz 0 0 0))
      (scale (xyz 1 1 1))
      (rotate (xyz 0 0 0))
    )
  )

  (module Capacitor_SMD:C_0805_2012Metric_Pad1.15x1.40mm_HandSolder (layer F.Cu) (tedit 5B36C52B) (tstamp 5F5605B9)
    (at 94.615 62.865 180)
    (descr "Capacitor SMD 0805 (2012 Metric), square (rectangular) end terminal, IPC_7351 nominal with elongated pad for handsoldering. (Body size source: https://docs.google.com/spreadsheets/d/1BsfQQcO9C6DZCsRaXUlFlo91Tg2WpOkGARC1WS5S8t0/edit?usp=sharing), generated with kicad-footprint-generator")
    (tags "capacitor handsolder")
    (path /5F5E3EA0)
    (attr smd)
    (fp_text reference C1 (at 4.055 0) (layer F.SilkS)
      (effects (font (size 1 1) (thickness 0.15)))
    )
    (fp_text value 100n (at 0 1.65) (layer F.Fab)
      (effects (font (size 1 1) (thickness 0.15)))
    )
    (fp_text user %R (at 0 0) (layer F.Fab)
      (effects (font (size 0.5 0.5) (thickness 0.08)))
    )
    (fp_line (start -1 0.6) (end -1 -0.6) (layer F.Fab) (width 0.1))
    (fp_line (start -1 -0.6) (end 1 -0.6) (layer F.Fab) (width 0.1))
    (fp_line (start 1 -0.6) (end 1 0.6) (layer F.Fab) (width 0.1))
    (fp_line (start 1 0.6) (end -1 0.6) (layer F.Fab) (width 0.1))
    (fp_line (start -0.261252 -0.71) (end 0.261252 -0.71) (layer F.SilkS) (width 0.12))
    (fp_line (start -0.261252 0.71) (end 0.261252 0.71) (layer F.SilkS) (width 0.12))
    (fp_line (start -1.85 0.95) (end -1.85 -0.95) (layer F.CrtYd) (width 0.05))
    (fp_line (start -1.85 -0.95) (end 1.85 -0.95) (layer F.CrtYd) (width 0.05))
    (fp_line (start 1.85 -0.95) (end 1.85 0.95) (layer F.CrtYd) (width 0.05))
    (fp_line (start 1.85 0.95) (end -1.85 0.95) (layer F.CrtYd) (width 0.05))
    (pad 2 smd roundrect (at 1.025 0 180) (size 1.15 1.4) (layers F.Cu F.Paste F.Mask) (roundrect_rratio 0.217391)
      (net 1 GND))
    (pad 1 smd roundrect (at -1.025 0 180) (size 1.15 1.4) (layers F.Cu F.Paste F.Mask) (roundrect_rratio 0.217391)
      (net 7 /PP5000_VBUS))
    (model ${KISYS3DMOD}/Capacitor_SMD.3dshapes/C_0805_2012Metric.wrl
      (at (xyz 0 0 0))
      (scale (xyz 1 1 1))
      (rotate (xyz 0 0 0))
    )
  )

  (module footprints:TUSB1106PWR (layer F.Cu) (tedit 0) (tstamp 5F56C6B9)
    (at 96.52 58.42 180)
    (path /5F6108E9)
    (fp_text reference U1 (at -1.27 -3.81) (layer F.SilkS)
      (effects (font (size 1 1) (thickness 0.15)))
    )
    (fp_text value TUSB1106PWR (at 10.922 -9.525) (layer F.SilkS)
      (effects (font (size 1 1) (thickness 0.15)))
    )
    (fp_arc (start 0 -2.5527) (end 0.3048 -2.5527) (angle 180) (layer F.Fab) (width 0.1524))
    (fp_arc (start 0 -2.5527) (end 0.3048 -2.5527) (angle 180) (layer F.SilkS) (width 0.1524))
    (fp_text user * (at -3.0734 -3.773601) (layer F.SilkS)
      (effects (font (size 1 1) (thickness 0.15)))
    )
    (fp_text user * (at -3.0734 -3.773601) (layer F.Fab)
      (effects (font (size 1 1) (thickness 0.15)))
    )
    (fp_text user .066in/1.676mm (at -2.8194 4.9657) (layer Dwgs.User)
      (effects (font (size 1 1) (thickness 0.15)))
    )
    (fp_text user .222in/5.639mm (at 0 -4.9657) (layer Dwgs.User)
      (effects (font (size 1 1) (thickness 0.15)))
    )
    (fp_text user .014in/.356mm (at 5.8674 -2.275) (layer Dwgs.User)
      (effects (font (size 1 1) (thickness 0.15)))
    )
    (fp_text user 2.559055E-02in/.65mm (at -5.8674 -1.950001) (layer Dwgs.User)
      (effects (font (size 1 1) (thickness 0.15)))
    )
    (fp_text user * (at -3.0734 -3.773601) (layer F.Fab)
      (effects (font (size 1 1) (thickness 0.15)))
    )
    (fp_text user * (at -3.0734 -3.773601) (layer F.SilkS)
      (effects (font (size 1 1) (thickness 0.15)))
    )
    (fp_text user "Copyright 2016 Accelerated Designs. All rights reserved." (at 0 0) (layer Cmts.User)
      (effects (font (size 0.127 0.127) (thickness 0.002)))
    )
    (fp_line (start -2.2479 -2.1226) (end -2.2479 -2.4274) (layer F.Fab) (width 0.1524))
    (fp_line (start -2.2479 -2.4274) (end -3.302 -2.4274) (layer F.Fab) (width 0.1524))
    (fp_line (start -3.302 -2.4274) (end -3.302 -2.1226) (layer F.Fab) (width 0.1524))
    (fp_line (start -3.302 -2.1226) (end -2.2479 -2.1226) (layer F.Fab) (width 0.1524))
    (fp_line (start -2.2479 -1.472601) (end -2.2479 -1.777401) (layer F.Fab) (width 0.1524))
    (fp_line (start -2.2479 -1.777401) (end -3.302 -1.777401) (layer F.Fab) (width 0.1524))
    (fp_line (start -3.302 -1.777401) (end -3.302 -1.472601) (layer F.Fab) (width 0.1524))
    (fp_line (start -3.302 -1.472601) (end -2.2479 -1.472601) (layer F.Fab) (width 0.1524))
    (fp_line (start -2.2479 -0.822601) (end -2.2479 -1.127401) (layer F.Fab) (width 0.1524))
    (fp_line (start -2.2479 -1.127401) (end -3.302 -1.127401) (layer F.Fab) (width 0.1524))
    (fp_line (start -3.302 -1.127401) (end -3.302 -0.822601) (layer F.Fab) (width 0.1524))
    (fp_line (start -3.302 -0.822601) (end -2.2479 -0.822601) (layer F.Fab) (width 0.1524))
    (fp_line (start -2.2479 -0.172601) (end -2.2479 -0.477401) (layer F.Fab) (width 0.1524))
    (fp_line (start -2.2479 -0.477401) (end -3.302 -0.477401) (layer F.Fab) (width 0.1524))
    (fp_line (start -3.302 -0.477401) (end -3.302 -0.172601) (layer F.Fab) (width 0.1524))
    (fp_line (start -3.302 -0.172601) (end -2.2479 -0.172601) (layer F.Fab) (width 0.1524))
    (fp_line (start -2.2479 0.477399) (end -2.2479 0.172599) (layer F.Fab) (width 0.1524))
    (fp_line (start -2.2479 0.172599) (end -3.302 0.172599) (layer F.Fab) (width 0.1524))
    (fp_line (start -3.302 0.172599) (end -3.302 0.477399) (layer F.Fab) (width 0.1524))
    (fp_line (start -3.302 0.477399) (end -2.2479 0.477399) (layer F.Fab) (width 0.1524))
    (fp_line (start -2.2479 1.127399) (end -2.2479 0.822599) (layer F.Fab) (width 0.1524))
    (fp_line (start -2.2479 0.822599) (end -3.302 0.822599) (layer F.Fab) (width 0.1524))
    (fp_line (start -3.302 0.822599) (end -3.302 1.127399) (layer F.Fab) (width 0.1524))
    (fp_line (start -3.302 1.127399) (end -2.2479 1.127399) (layer F.Fab) (width 0.1524))
    (fp_line (start -2.2479 1.777399) (end -2.2479 1.472599) (layer F.Fab) (width 0.1524))
    (fp_line (start -2.2479 1.472599) (end -3.302 1.472599) (layer F.Fab) (width 0.1524))
    (fp_line (start -3.302 1.472599) (end -3.302 1.777399) (layer F.Fab) (width 0.1524))
    (fp_line (start -3.302 1.777399) (end -2.2479 1.777399) (layer F.Fab) (width 0.1524))
    (fp_line (start -2.2479 2.427399) (end -2.2479 2.122599) (layer F.Fab) (width 0.1524))
    (fp_line (start -2.2479 2.122599) (end -3.302 2.122599) (layer F.Fab) (width 0.1524))
    (fp_line (start -3.302 2.122599) (end -3.302 2.427399) (layer F.Fab) (width 0.1524))
    (fp_line (start -3.302 2.427399) (end -2.2479 2.427399) (layer F.Fab) (width 0.1524))
    (fp_line (start 2.2479 2.1226) (end 2.2479 2.4274) (layer F.Fab) (width 0.1524))
    (fp_line (start 2.2479 2.4274) (end 3.302 2.4274) (layer F.Fab) (width 0.1524))
    (fp_line (start 3.302 2.4274) (end 3.302 2.1226) (layer F.Fab) (width 0.1524))
    (fp_line (start 3.302 2.1226) (end 2.2479 2.1226) (layer F.Fab) (width 0.1524))
    (fp_line (start 2.2479 1.472601) (end 2.2479 1.777401) (layer F.Fab) (width 0.1524))
    (fp_line (start 2.2479 1.777401) (end 3.302 1.777401) (layer F.Fab) (width 0.1524))
    (fp_line (start 3.302 1.777401) (end 3.302 1.472601) (layer F.Fab) (width 0.1524))
    (fp_line (start 3.302 1.472601) (end 2.2479 1.472601) (layer F.Fab) (width 0.1524))
    (fp_line (start 2.2479 0.822601) (end 2.2479 1.127401) (layer F.Fab) (width 0.1524))
    (fp_line (start 2.2479 1.127401) (end 3.302 1.127401) (layer F.Fab) (width 0.1524))
    (fp_line (start 3.302 1.127401) (end 3.302 0.822601) (layer F.Fab) (width 0.1524))
    (fp_line (start 3.302 0.822601) (end 2.2479 0.822601) (layer F.Fab) (width 0.1524))
    (fp_line (start 2.2479 0.172601) (end 2.2479 0.477401) (layer F.Fab) (width 0.1524))
    (fp_line (start 2.2479 0.477401) (end 3.302 0.477401) (layer F.Fab) (width 0.1524))
    (fp_line (start 3.302 0.477401) (end 3.302 0.172601) (layer F.Fab) (width 0.1524))
    (fp_line (start 3.302 0.172601) (end 2.2479 0.172601) (layer F.Fab) (width 0.1524))
    (fp_line (start 2.2479 -0.477399) (end 2.2479 -0.172599) (layer F.Fab) (width 0.1524))
    (fp_line (start 2.2479 -0.172599) (end 3.302 -0.172599) (layer F.Fab) (width 0.1524))
    (fp_line (start 3.302 -0.172599) (end 3.302 -0.477399) (layer F.Fab) (width 0.1524))
    (fp_line (start 3.302 -0.477399) (end 2.2479 -0.477399) (layer F.Fab) (width 0.1524))
    (fp_line (start 2.2479 -1.127399) (end 2.2479 -0.822599) (layer F.Fab) (width 0.1524))
    (fp_line (start 2.2479 -0.822599) (end 3.302 -0.822599) (layer F.Fab) (width 0.1524))
    (fp_line (start 3.302 -0.822599) (end 3.302 -1.127399) (layer F.Fab) (width 0.1524))
    (fp_line (start 3.302 -1.127399) (end 2.2479 -1.127399) (layer F.Fab) (width 0.1524))
    (fp_line (start 2.2479 -1.777399) (end 2.2479 -1.472599) (layer F.Fab) (width 0.1524))
    (fp_line (start 2.2479 -1.472599) (end 3.302 -1.472599) (layer F.Fab) (width 0.1524))
    (fp_line (start 3.302 -1.472599) (end 3.302 -1.777399) (layer F.Fab) (width 0.1524))
    (fp_line (start 3.302 -1.777399) (end 2.2479 -1.777399) (layer F.Fab) (width 0.1524))
    (fp_line (start 2.2479 -2.427399) (end 2.2479 -2.122599) (layer F.Fab) (width 0.1524))
    (fp_line (start 2.2479 -2.122599) (end 3.302 -2.122599) (layer F.Fab) (width 0.1524))
    (fp_line (start 3.302 -2.122599) (end 3.302 -2.427399) (layer F.Fab) (width 0.1524))
    (fp_line (start 3.302 -2.427399) (end 2.2479 -2.427399) (layer F.Fab) (width 0.1524))
    (fp_line (start -1.663811 2.5527) (end 1.663811 2.5527) (layer F.SilkS) (width 0.1524))
    (fp_line (start 1.663811 -2.5527) (end -1.663811 -2.5527) (layer F.SilkS) (width 0.1524))
    (fp_line (start -2.2479 2.5527) (end 2.2479 2.5527) (layer F.Fab) (width 0.1524))
    (fp_line (start 2.2479 2.5527) (end 2.2479 -2.5527) (layer F.Fab) (width 0.1524))
    (fp_line (start 2.2479 -2.5527) (end -2.2479 -2.5527) (layer F.Fab) (width 0.1524))
    (fp_line (start -2.2479 -2.5527) (end -2.2479 2.5527) (layer F.Fab) (width 0.1524))
    (fp_line (start 4.1656 1.434501) (end 4.1656 1.815501) (layer F.SilkS) (width 0.1524))
    (fp_line (start 4.1656 1.815501) (end 3.9116 1.815501) (layer F.SilkS) (width 0.1524))
    (fp_line (start 3.9116 1.815501) (end 3.9116 1.434501) (layer F.SilkS) (width 0.1524))
    (fp_line (start 3.9116 1.434501) (end 4.1656 1.434501) (layer F.SilkS) (width 0.1524))
    (fp_line (start -3.9116 2.8067) (end -3.9116 -2.8067) (layer F.CrtYd) (width 0.1524))
    (fp_line (start -3.9116 -2.8067) (end 3.9116 -2.8067) (layer F.CrtYd) (width 0.1524))
    (fp_line (start 3.9116 -2.8067) (end 3.9116 2.8067) (layer F.CrtYd) (width 0.1524))
    (fp_line (start 3.9116 2.8067) (end -3.9116 2.8067) (layer F.CrtYd) (width 0.1524))
    (pad 16 smd rect (at 2.8194 -2.274999 180) (size 1.6764 0.3556) (layers F.Cu F.Paste F.Mask)
      (net 7 /PP5000_VBUS))
    (pad 15 smd rect (at 2.8194 -1.624998 180) (size 1.6764 0.3556) (layers F.Cu F.Paste F.Mask)
      (net 8 /PP3300_REG))
    (pad 14 smd rect (at 2.8194 -0.974999 180) (size 1.6764 0.3556) (layers F.Cu F.Paste F.Mask)
      (net 17 /DM_TX))
    (pad 13 smd rect (at 2.8194 -0.324998 180) (size 1.6764 0.3556) (layers F.Cu F.Paste F.Mask)
      (net 18 /DP_TX))
    (pad 12 smd rect (at 2.8194 0.325001 180) (size 1.6764 0.3556) (layers F.Cu F.Paste F.Mask)
      (net 4 /DP1_R))
    (pad 11 smd rect (at 2.8194 0.974999 180) (size 1.6764 0.3556) (layers F.Cu F.Paste F.Mask)
      (net 3 /DN1_R))
    (pad 10 smd rect (at 2.8194 1.625001 180) (size 1.6764 0.3556) (layers F.Cu F.Paste F.Mask)
      (net 19 /SPD))
    (pad 9 smd rect (at 2.8194 2.274999 180) (size 1.6764 0.3556) (layers F.Cu F.Paste F.Mask)
      (net 9 PP3300))
    (pad 8 smd rect (at -2.8194 2.274999 180) (size 1.6764 0.3556) (layers F.Cu F.Paste F.Mask)
      (net 1 GND))
    (pad 7 smd rect (at -2.8194 1.624998 180) (size 1.6764 0.3556) (layers F.Cu F.Paste F.Mask)
      (net 16 /SUS))
    (pad 6 smd rect (at -2.8194 0.974999 180) (size 1.6764 0.3556) (layers F.Cu F.Paste F.Mask)
      (net 12 /DN_RX))
    (pad 5 smd rect (at -2.8194 0.324998 180) (size 1.6764 0.3556) (layers F.Cu F.Paste F.Mask)
      (net 11 /DP_RX))
    (pad 4 smd rect (at -2.8194 -0.325001 180) (size 1.6764 0.3556) (layers F.Cu F.Paste F.Mask)
      (net 13 /D_RX))
    (pad 3 smd rect (at -2.8194 -0.974999 180) (size 1.6764 0.3556) (layers F.Cu F.Paste F.Mask)
      (net 15 /USB_OE_L))
    (pad 2 smd rect (at -2.8194 -1.625001 180) (size 1.6764 0.3556) (layers F.Cu F.Paste F.Mask)
      (net 10 /PULLUPDP))
    (pad 1 smd rect (at -2.8194 -2.274999 180) (size 1.6764 0.3556) (layers F.Cu F.Paste F.Mask)
      (net 14 /PP3300_PU))
  )

  (module Resistor_SMD:R_0805_2012Metric_Pad1.15x1.40mm_HandSolder (layer F.Cu) (tedit 5B36C52B) (tstamp 5C92AED6)
    (at 88.265 50.8 180)
    (descr "Resistor SMD 0805 (2012 Metric), square (rectangular) end terminal, IPC_7351 nominal with elongated pad for handsoldering. (Body size source: https://docs.google.com/spreadsheets/d/1BsfQQcO9C6DZCsRaXUlFlo91Tg2WpOkGARC1WS5S8t0/edit?usp=sharing), generated with kicad-footprint-generator")
    (tags "resistor handsolder")
    (path /5C7E6727)
    (attr smd)
    (fp_text reference R1 (at 0 1.905 180) (layer F.SilkS)
      (effects (font (size 1 1) (thickness 0.15)))
    )
    (fp_text value 22R (at 0 1.65 180) (layer F.Fab)
      (effects (font (size 1 1) (thickness 0.15)))
    )
    (fp_line (start -1 0.6) (end -1 -0.6) (layer F.Fab) (width 0.1))
    (fp_line (start -1 -0.6) (end 1 -0.6) (layer F.Fab) (width 0.1))
    (fp_line (start 1 -0.6) (end 1 0.6) (layer F.Fab) (width 0.1))
    (fp_line (start 1 0.6) (end -1 0.6) (layer F.Fab) (width 0.1))
    (fp_line (start -0.261252 -0.71) (end 0.261252 -0.71) (layer F.SilkS) (width 0.12))
    (fp_line (start -0.261252 0.71) (end 0.261252 0.71) (layer F.SilkS) (width 0.12))
    (fp_line (start -1.85 0.95) (end -1.85 -0.95) (layer F.CrtYd) (width 0.05))
    (fp_line (start -1.85 -0.95) (end 1.85 -0.95) (layer F.CrtYd) (width 0.05))
    (fp_line (start 1.85 -0.95) (end 1.85 0.95) (layer F.CrtYd) (width 0.05))
    (fp_line (start 1.85 0.95) (end -1.85 0.95) (layer F.CrtYd) (width 0.05))
    (fp_text user %R (at 0 0 180) (layer F.Fab)
      (effects (font (size 0.5 0.5) (thickness 0.08)))
    )
    (pad 1 smd roundrect (at -1.025 0 180) (size 1.15 1.4) (layers F.Cu F.Paste F.Mask) (roundrect_rratio 0.217391)
      (net 3 /DN1_R))
    (pad 2 smd roundrect (at 1.025 0 180) (size 1.15 1.4) (layers F.Cu F.Paste F.Mask) (roundrect_rratio 0.217391)
      (net 2 /DN1))
    (model ${KISYS3DMOD}/Resistor_SMD.3dshapes/R_0805_2012Metric.wrl
      (at (xyz 0 0 0))
      (scale (xyz 1 1 1))
      (rotate (xyz 0 0 0))
    )
  )

  (module Resistor_SMD:R_0805_2012Metric_Pad1.15x1.40mm_HandSolder (layer F.Cu) (tedit 5B36C52B) (tstamp 5C92AEE7)
    (at 87.63 53.34 180)
    (descr "Resistor SMD 0805 (2012 Metric), square (rectangular) end terminal, IPC_7351 nominal with elongated pad for handsoldering. (Body size source: https://docs.google.com/spreadsheets/d/1BsfQQcO9C6DZCsRaXUlFlo91Tg2WpOkGARC1WS5S8t0/edit?usp=sharing), generated with kicad-footprint-generator")
    (tags "resistor handsolder")
    (path /5C7E65B5)
    (attr smd)
    (fp_text reference R2 (at 0 -1.905) (layer F.SilkS)
      (effects (font (size 1 1) (thickness 0.15)))
    )
    (fp_text value 22R (at 0 1.65) (layer F.Fab)
      (effects (font (size 1 1) (thickness 0.15)))
    )
    (fp_line (start 1.85 0.95) (end -1.85 0.95) (layer F.CrtYd) (width 0.05))
    (fp_line (start 1.85 -0.95) (end 1.85 0.95) (layer F.CrtYd) (width 0.05))
    (fp_line (start -1.85 -0.95) (end 1.85 -0.95) (layer F.CrtYd) (width 0.05))
    (fp_line (start -1.85 0.95) (end -1.85 -0.95) (layer F.CrtYd) (width 0.05))
    (fp_line (start -0.261252 0.71) (end 0.261252 0.71) (layer F.SilkS) (width 0.12))
    (fp_line (start -0.261252 -0.71) (end 0.261252 -0.71) (layer F.SilkS) (width 0.12))
    (fp_line (start 1 0.6) (end -1 0.6) (layer F.Fab) (width 0.1))
    (fp_line (start 1 -0.6) (end 1 0.6) (layer F.Fab) (width 0.1))
    (fp_line (start -1 -0.6) (end 1 -0.6) (layer F.Fab) (width 0.1))
    (fp_line (start -1 0.6) (end -1 -0.6) (layer F.Fab) (width 0.1))
    (fp_text user %R (at 0 0) (layer F.Fab)
      (effects (font (size 0.5 0.5) (thickness 0.08)))
    )
    (pad 2 smd roundrect (at 1.025 0 180) (size 1.15 1.4) (layers F.Cu F.Paste F.Mask) (roundrect_rratio 0.217391)
      (net 5 /DP1))
    (pad 1 smd roundrect (at -1.025 0 180) (size 1.15 1.4) (layers F.Cu F.Paste F.Mask) (roundrect_rratio 0.217391)
      (net 4 /DP1_R))
    (model ${KISYS3DMOD}/Resistor_SMD.3dshapes/R_0805_2012Metric.wrl
      (at (xyz 0 0 0))
      (scale (xyz 1 1 1))
      (rotate (xyz 0 0 0))
    )
  )

  (module Resistor_SMD:R_0805_2012Metric_Pad1.15x1.40mm_HandSolder (layer F.Cu) (tedit 5B36C52B) (tstamp 5C92AEF8)
    (at 92.71 49.285 90)
    (descr "Resistor SMD 0805 (2012 Metric), square (rectangular) end terminal, IPC_7351 nominal with elongated pad for handsoldering. (Body size source: https://docs.google.com/spreadsheets/d/1BsfQQcO9C6DZCsRaXUlFlo91Tg2WpOkGARC1WS5S8t0/edit?usp=sharing), generated with kicad-footprint-generator")
    (tags "resistor handsolder")
    (path /5C7F09F9)
    (attr smd)
    (fp_text reference R3 (at 0.39 -1.905 270) (layer F.SilkS)
      (effects (font (size 1 1) (thickness 0.15)))
    )
    (fp_text value 5k1 (at 0 1.65 270) (layer F.Fab)
      (effects (font (size 1 1) (thickness 0.15)))
    )
    (fp_line (start 1.85 0.95) (end -1.85 0.95) (layer F.CrtYd) (width 0.05))
    (fp_line (start 1.85 -0.95) (end 1.85 0.95) (layer F.CrtYd) (width 0.05))
    (fp_line (start -1.85 -0.95) (end 1.85 -0.95) (layer F.CrtYd) (width 0.05))
    (fp_line (start -1.85 0.95) (end -1.85 -0.95) (layer F.CrtYd) (width 0.05))
    (fp_line (start -0.261252 0.71) (end 0.261252 0.71) (layer F.SilkS) (width 0.12))
    (fp_line (start -0.261252 -0.71) (end 0.261252 -0.71) (layer F.SilkS) (width 0.12))
    (fp_line (start 1 0.6) (end -1 0.6) (layer F.Fab) (width 0.1))
    (fp_line (start 1 -0.6) (end 1 0.6) (layer F.Fab) (width 0.1))
    (fp_line (start -1 -0.6) (end 1 -0.6) (layer F.Fab) (width 0.1))
    (fp_line (start -1 0.6) (end -1 -0.6) (layer F.Fab) (width 0.1))
    (fp_text user %R (at 0 0 270) (layer F.Fab)
      (effects (font (size 0.5 0.5) (thickness 0.08)))
    )
    (pad 2 smd roundrect (at 1.025 0 90) (size 1.15 1.4) (layers F.Cu F.Paste F.Mask) (roundrect_rratio 0.217391)
      (net 6 /SENSE1))
    (pad 1 smd roundrect (at -1.025 0 90) (size 1.15 1.4) (layers F.Cu F.Paste F.Mask) (roundrect_rratio 0.217391)
      (net 7 /PP5000_VBUS))
    (model ${KISYS3DMOD}/Resistor_SMD.3dshapes/R_0805_2012Metric.wrl
      (at (xyz 0 0 0))
      (scale (xyz 1 1 1))
      (rotate (xyz 0 0 0))
    )
  )

  (module Resistor_SMD:R_0805_2012Metric_Pad1.15x1.40mm_HandSolder (layer F.Cu) (tedit 5B36C52B) (tstamp 5C92AF09)
    (at 96.52 49.285 270)
    (descr "Resistor SMD 0805 (2012 Metric), square (rectangular) end terminal, IPC_7351 nominal with elongated pad for handsoldering. (Body size source: https://docs.google.com/spreadsheets/d/1BsfQQcO9C6DZCsRaXUlFlo91Tg2WpOkGARC1WS5S8t0/edit?usp=sharing), generated with kicad-footprint-generator")
    (tags "resistor handsolder")
    (path /5C7F0A6A)
    (attr smd)
    (fp_text reference R4 (at -0.39 -1.905 270) (layer F.SilkS)
      (effects (font (size 1 1) (thickness 0.15)))
    )
    (fp_text value 5k1 (at 0 1.65 270) (layer F.Fab)
      (effects (font (size 1 1) (thickness 0.15)))
    )
    (fp_line (start -1 0.6) (end -1 -0.6) (layer F.Fab) (width 0.1))
    (fp_line (start -1 -0.6) (end 1 -0.6) (layer F.Fab) (width 0.1))
    (fp_line (start 1 -0.6) (end 1 0.6) (layer F.Fab) (width 0.1))
    (fp_line (start 1 0.6) (end -1 0.6) (layer F.Fab) (width 0.1))
    (fp_line (start -0.261252 -0.71) (end 0.261252 -0.71) (layer F.SilkS) (width 0.12))
    (fp_line (start -0.261252 0.71) (end 0.261252 0.71) (layer F.SilkS) (width 0.12))
    (fp_line (start -1.85 0.95) (end -1.85 -0.95) (layer F.CrtYd) (width 0.05))
    (fp_line (start -1.85 -0.95) (end 1.85 -0.95) (layer F.CrtYd) (width 0.05))
    (fp_line (start 1.85 -0.95) (end 1.85 0.95) (layer F.CrtYd) (width 0.05))
    (fp_line (start 1.85 0.95) (end -1.85 0.95) (layer F.CrtYd) (width 0.05))
    (fp_text user %R (at 0 0 270) (layer F.Fab)
      (effects (font (size 0.5 0.5) (thickness 0.08)))
    )
    (pad 1 smd roundrect (at -1.025 0 270) (size 1.15 1.4) (layers F.Cu F.Paste F.Mask) (roundrect_rratio 0.217391)
      (net 6 /SENSE1))
    (pad 2 smd roundrect (at 1.025 0 270) (size 1.15 1.4) (layers F.Cu F.Paste F.Mask) (roundrect_rratio 0.217391)
      (net 1 GND))
    (model ${KISYS3DMOD}/Resistor_SMD.3dshapes/R_0805_2012Metric.wrl
      (at (xyz 0 0 0))
      (scale (xyz 1 1 1))
      (rotate (xyz 0 0 0))
    )
  )

  (module Resistor_SMD:R_0805_2012Metric_Pad1.15x1.40mm_HandSolder (layer F.Cu) (tedit 5B36C52B) (tstamp 5C92AF1A)
    (at 87.63 58.42 180)
    (descr "Resistor SMD 0805 (2012 Metric), square (rectangular) end terminal, IPC_7351 nominal with elongated pad for handsoldering. (Body size source: https://docs.google.com/spreadsheets/d/1BsfQQcO9C6DZCsRaXUlFlo91Tg2WpOkGARC1WS5S8t0/edit?usp=sharing), generated with kicad-footprint-generator")
    (tags "resistor handsolder")
    (path /5C7E74B9)
    (attr smd)
    (fp_text reference R5 (at 0 -1.65 180) (layer F.SilkS)
      (effects (font (size 1 1) (thickness 0.15)))
    )
    (fp_text value 1k5 (at 0 1.65 180) (layer F.Fab)
      (effects (font (size 1 1) (thickness 0.15)))
    )
    (fp_line (start 1.85 0.95) (end -1.85 0.95) (layer F.CrtYd) (width 0.05))
    (fp_line (start 1.85 -0.95) (end 1.85 0.95) (layer F.CrtYd) (width 0.05))
    (fp_line (start -1.85 -0.95) (end 1.85 -0.95) (layer F.CrtYd) (width 0.05))
    (fp_line (start -1.85 0.95) (end -1.85 -0.95) (layer F.CrtYd) (width 0.05))
    (fp_line (start -0.261252 0.71) (end 0.261252 0.71) (layer F.SilkS) (width 0.12))
    (fp_line (start -0.261252 -0.71) (end 0.261252 -0.71) (layer F.SilkS) (width 0.12))
    (fp_line (start 1 0.6) (end -1 0.6) (layer F.Fab) (width 0.1))
    (fp_line (start 1 -0.6) (end 1 0.6) (layer F.Fab) (width 0.1))
    (fp_line (start -1 -0.6) (end 1 -0.6) (layer F.Fab) (width 0.1))
    (fp_line (start -1 0.6) (end -1 -0.6) (layer F.Fab) (width 0.1))
    (fp_text user %R (at 0 0 180) (layer F.Fab)
      (effects (font (size 0.5 0.5) (thickness 0.08)))
    )
    (pad 2 smd roundrect (at 1.025 0 180) (size 1.15 1.4) (layers F.Cu F.Paste F.Mask) (roundrect_rratio 0.217391)
      (net 5 /DP1))
    (pad 1 smd roundrect (at -1.025 0 180) (size 1.15 1.4) (layers F.Cu F.Paste F.Mask) (roundrect_rratio 0.217391)
      (net 14 /PP3300_PU))
    (model ${KISYS3DMOD}/Resistor_SMD.3dshapes/R_0805_2012Metric.wrl
      (at (xyz 0 0 0))
      (scale (xyz 1 1 1))
      (rotate (xyz 0 0 0))
    )
  )

  (module Resistor_SMD:R_0805_2012Metric_Pad1.15x1.40mm_HandSolder (layer F.Cu) (tedit 5B36C52B) (tstamp 5C92AF2B)
    (at 91.44 53.34 90)
    (descr "Resistor SMD 0805 (2012 Metric), square (rectangular) end terminal, IPC_7351 nominal with elongated pad for handsoldering. (Body size source: https://docs.google.com/spreadsheets/d/1BsfQQcO9C6DZCsRaXUlFlo91Tg2WpOkGARC1WS5S8t0/edit?usp=sharing), generated with kicad-footprint-generator")
    (tags "resistor handsolder")
    (path /5F5C2525)
    (attr smd)
    (fp_text reference R6 (at -3.175 -0.635 270) (layer F.SilkS)
      (effects (font (size 1 1) (thickness 0.15)))
    )
    (fp_text value 5k1 (at 0 1.65 270) (layer F.Fab)
      (effects (font (size 1 1) (thickness 0.15)))
    )
    (fp_line (start -1 0.6) (end -1 -0.6) (layer F.Fab) (width 0.1))
    (fp_line (start -1 -0.6) (end 1 -0.6) (layer F.Fab) (width 0.1))
    (fp_line (start 1 -0.6) (end 1 0.6) (layer F.Fab) (width 0.1))
    (fp_line (start 1 0.6) (end -1 0.6) (layer F.Fab) (width 0.1))
    (fp_line (start -0.261252 -0.71) (end 0.261252 -0.71) (layer F.SilkS) (width 0.12))
    (fp_line (start -0.261252 0.71) (end 0.261252 0.71) (layer F.SilkS) (width 0.12))
    (fp_line (start -1.85 0.95) (end -1.85 -0.95) (layer F.CrtYd) (width 0.05))
    (fp_line (start -1.85 -0.95) (end 1.85 -0.95) (layer F.CrtYd) (width 0.05))
    (fp_line (start 1.85 -0.95) (end 1.85 0.95) (layer F.CrtYd) (width 0.05))
    (fp_line (start 1.85 0.95) (end -1.85 0.95) (layer F.CrtYd) (width 0.05))
    (fp_text user %R (at 0 0 270) (layer F.Fab)
      (effects (font (size 0.5 0.5) (thickness 0.08)))
    )
    (pad 1 smd roundrect (at -1.025 0 90) (size 1.15 1.4) (layers F.Cu F.Paste F.Mask) (roundrect_rratio 0.217391)
      (net 19 /SPD))
    (pad 2 smd roundrect (at 1.025 0 90) (size 1.15 1.4) (layers F.Cu F.Paste F.Mask) (roundrect_rratio 0.217391)
      (net 9 PP3300))
    (model ${KISYS3DMOD}/Resistor_SMD.3dshapes/R_0805_2012Metric.wrl
      (at (xyz 0 0 0))
      (scale (xyz 1 1 1))
      (rotate (xyz 0 0 0))
    )
  )

  (module Resistor_SMD:R_0805_2012Metric_Pad1.15x1.40mm_HandSolder (layer F.Cu) (tedit 5B36C52B) (tstamp 5C92AF3C)
    (at 100.33 53.34)
    (descr "Resistor SMD 0805 (2012 Metric), square (rectangular) end terminal, IPC_7351 nominal with elongated pad for handsoldering. (Body size source: https://docs.google.com/spreadsheets/d/1BsfQQcO9C6DZCsRaXUlFlo91Tg2WpOkGARC1WS5S8t0/edit?usp=sharing), generated with kicad-footprint-generator")
    (tags "resistor handsolder")
    (path /5F5B9CD4)
    (attr smd)
    (fp_text reference R7 (at 0 -1.905) (layer F.SilkS)
      (effects (font (size 1 1) (thickness 0.15)))
    )
    (fp_text value 5k1 (at 0 1.65) (layer F.Fab)
      (effects (font (size 1 1) (thickness 0.15)))
    )
    (fp_line (start -1 0.6) (end -1 -0.6) (layer F.Fab) (width 0.1))
    (fp_line (start -1 -0.6) (end 1 -0.6) (layer F.Fab) (width 0.1))
    (fp_line (start 1 -0.6) (end 1 0.6) (layer F.Fab) (width 0.1))
    (fp_line (start 1 0.6) (end -1 0.6) (layer F.Fab) (width 0.1))
    (fp_line (start -0.261252 -0.71) (end 0.261252 -0.71) (layer F.SilkS) (width 0.12))
    (fp_line (start -0.261252 0.71) (end 0.261252 0.71) (layer F.SilkS) (width 0.12))
    (fp_line (start -1.85 0.95) (end -1.85 -0.95) (layer F.CrtYd) (width 0.05))
    (fp_line (start -1.85 -0.95) (end 1.85 -0.95) (layer F.CrtYd) (width 0.05))
    (fp_line (start 1.85 -0.95) (end 1.85 0.95) (layer F.CrtYd) (width 0.05))
    (fp_line (start 1.85 0.95) (end -1.85 0.95) (layer F.CrtYd) (width 0.05))
    (fp_text user %R (at 0 0) (layer F.Fab)
      (effects (font (size 0.5 0.5) (thickness 0.08)))
    )
    (pad 1 smd roundrect (at -1.025 0) (size 1.15 1.4) (layers F.Cu F.Paste F.Mask) (roundrect_rratio 0.217391)
      (net 1 GND))
    (pad 2 smd roundrect (at 1.025 0) (size 1.15 1.4) (layers F.Cu F.Paste F.Mask) (roundrect_rratio 0.217391)
      (net 16 /SUS))
    (model ${KISYS3DMOD}/Resistor_SMD.3dshapes/R_0805_2012Metric.wrl
      (at (xyz 0 0 0))
      (scale (xyz 1 1 1))
      (rotate (xyz 0 0 0))
    )
  )

  (module digikey-footprints:USB_Micro_B_Female_10118193-0001LF (layer F.Cu) (tedit 5BD21A05) (tstamp 5C92B401)
    (at 81.44489 52.07 270)
    (descr http://portal.fciconnect.com/Comergent//fci/drawing/10118193.pdf)
    (path /5C8252B6)
    (fp_text reference J1 (at 5.08 0.16489) (layer F.SilkS)
      (effects (font (size 1 1) (thickness 0.15)))
    )
    (fp_text value 10118193-0001LF (at 0 4.5 270) (layer F.Fab)
      (effects (font (size 1 1) (thickness 0.15)))
    )
    (fp_line (start 4.014908 2.461848) (end 4.014908 2.841848) (layer F.SilkS) (width 0.1))
    (fp_line (start 4.014908 2.841848) (end 3.644908 2.841848) (layer F.SilkS) (width 0.1))
    (fp_line (start -4.013324 2.84) (end -3.643324 2.84) (layer F.SilkS) (width 0.1))
    (fp_line (start -4.013324 2.46) (end -4.013324 2.84) (layer F.SilkS) (width 0.1))
    (fp_line (start 4.06 -3.22) (end 4.06 -1.75) (layer F.SilkS) (width 0.1))
    (fp_line (start 4.06 -3.22) (end 2.4 -3.22) (layer F.SilkS) (width 0.1))
    (fp_line (start -4.05 -3.21) (end -2.4 -3.21) (layer F.SilkS) (width 0.1))
    (fp_line (start -4.05 -3.2) (end -4.05 -1.75) (layer F.SilkS) (width 0.1))
    (fp_line (start 3.93 2.75) (end 3.93 -2.9) (layer F.Fab) (width 0.1))
    (fp_line (start -3.93 2.75) (end 3.93 2.75) (layer F.Fab) (width 0.1))
    (fp_line (start -3.93 -2.34) (end -3.37 -2.9) (layer F.Fab) (width 0.1))
    (fp_line (start 3.93 -2.9) (end -3.37 -2.9) (layer F.Fab) (width 0.1))
    (fp_line (start -3.93 2.75) (end -3.93 -2.34) (layer F.Fab) (width 0.1))
    (fp_line (start 4.25 -3.75) (end 4.25 3) (layer F.CrtYd) (width 0.05))
    (fp_line (start -4.25 -3.75) (end 4.25 -3.75) (layer F.CrtYd) (width 0.05))
    (fp_line (start -4.25 3) (end 4.25 3) (layer F.CrtYd) (width 0.05))
    (fp_line (start -4.25 -3.75) (end -4.25 3) (layer F.CrtYd) (width 0.05))
    (fp_text user %R (at 0.06 1.86 270) (layer F.Fab)
      (effects (font (size 1 1) (thickness 0.15)))
    )
    (pad SH smd rect (at 1.2 0 270) (size 1.9 1.9) (layers F.Cu F.Paste F.Mask)
      (net 1 GND))
    (pad SH smd rect (at -1.2 0 270) (size 1.9 1.9) (layers F.Cu F.Paste F.Mask)
      (net 1 GND))
    (pad SH smd rect (at 3.2 -2.45 270) (size 1.6 1.4) (layers F.Cu F.Paste F.Mask)
      (net 1 GND))
    (pad SH smd rect (at -3.2 -2.45 270) (size 1.6 1.4) (layers F.Cu F.Paste F.Mask)
      (net 1 GND))
    (pad SH thru_hole oval (at -3.3 0 270) (size 0.9 1.6) (drill oval 0.5 1.2) (layers *.Cu *.Mask)
      (net 1 GND))
    (pad SH thru_hole oval (at 3.3 0 270) (size 0.9 1.6) (drill oval 0.5 1.2) (layers *.Cu *.Mask)
      (net 1 GND))
    (pad 1 smd rect (at -1.3 -2.675 270) (size 0.4 1.35) (layers F.Cu F.Paste F.Mask)
      (net 7 /PP5000_VBUS))
    (pad 2 smd rect (at -0.65 -2.675 270) (size 0.4 1.35) (layers F.Cu F.Paste F.Mask)
      (net 2 /DN1))
    (pad 5 smd rect (at 1.3 -2.675 270) (size 0.4 1.35) (layers F.Cu F.Paste F.Mask)
      (net 1 GND))
    (pad 4 smd rect (at 0.65 -2.675 270) (size 0.4 1.35) (layers F.Cu F.Paste F.Mask))
    (pad 3 smd rect (at 0 -2.675 270) (size 0.4 1.35) (layers F.Cu F.Paste F.Mask)
      (net 5 /DP1))
  )

  (module digikey-footprints:PinHeader_6x2_P2.54mm_Horizontal (layer F.Cu) (tedit 5B18017E) (tstamp 5C92B444)
    (at 104.14 52.07)
    (descr http://portal.fciconnect.com/Comergent//fci/drawing/68020.pdf)
    (path /5C7E600E)
    (fp_text reference J3 (at 1.27 -2.54) (layer F.SilkS)
      (effects (font (size 1 1) (thickness 0.15)))
    )
    (fp_text value 68021-412HLF (at 1.6 15.8) (layer F.Fab)
      (effects (font (size 1 1) (thickness 0.15)))
    )
    (fp_line (start -1.4 -1.05) (end -1.04 -1.41) (layer F.SilkS) (width 0.1))
    (fp_line (start -1.27 -1) (end -1 -1.27) (layer F.Fab) (width 0.1))
    (fp_line (start -1.52 -1.52) (end 4.06 -1.52) (layer F.CrtYd) (width 0.05))
    (fp_line (start -1.52 14.22) (end 4.06 14.22) (layer F.CrtYd) (width 0.05))
    (fp_line (start -1.52 14.22) (end -1.52 -1.52) (layer F.CrtYd) (width 0.05))
    (fp_line (start 4.06 14.22) (end 4.06 -1.52) (layer F.CrtYd) (width 0.05))
    (fp_line (start 3.9 14.1) (end 3.9 13.7) (layer F.SilkS) (width 0.1))
    (fp_line (start 3.9 14.1) (end 3.5 14.1) (layer F.SilkS) (width 0.1))
    (fp_line (start -1.4 14.1) (end -1 14.1) (layer F.SilkS) (width 0.1))
    (fp_line (start -1.4 14.1) (end -1.4 13.7) (layer F.SilkS) (width 0.1))
    (fp_line (start -1.4 -1.05) (end -1.4 -0.6) (layer F.SilkS) (width 0.1))
    (fp_line (start -1.04 -1.41) (end -0.61 -1.41) (layer F.SilkS) (width 0.1))
    (fp_line (start 3.9 -1.4) (end 3.9 -1) (layer F.SilkS) (width 0.1))
    (fp_line (start 3.9 -1.4) (end 3.5 -1.4) (layer F.SilkS) (width 0.1))
    (fp_line (start 3.81 -1.27) (end 3.81 13.97) (layer F.Fab) (width 0.1))
    (fp_line (start -1.27 -1) (end -1.27 13.97) (layer F.Fab) (width 0.1))
    (fp_line (start -1.27 13.97) (end 3.81 13.97) (layer F.Fab) (width 0.1))
    (fp_line (start -1 -1.27) (end 3.81 -1.27) (layer F.Fab) (width 0.1))
    (pad 1 thru_hole circle (at 0 0) (size 2 2) (drill 1.02) (layers *.Cu *.Mask)
      (net 9 PP3300))
    (pad 3 thru_hole circle (at 0 2.54) (size 2 2) (drill 1.02) (layers *.Cu *.Mask)
      (net 1 GND))
    (pad 5 thru_hole circle (at 0 5.08) (size 2 2) (drill 1.02) (layers *.Cu *.Mask)
      (net 12 /DN_RX))
    (pad 7 thru_hole circle (at 0 7.62) (size 2 2) (drill 1.02) (layers *.Cu *.Mask)
      (net 11 /DP_RX))
    (pad 9 thru_hole circle (at 0 10.16) (size 2 2) (drill 1.02) (layers *.Cu *.Mask)
      (net 17 /DM_TX))
    (pad 11 thru_hole circle (at 0 12.7) (size 2 2) (drill 1.02) (layers *.Cu *.Mask)
      (net 18 /DP_TX))
    (pad 12 thru_hole circle (at 2.54 12.7) (size 2 2) (drill 1.02) (layers *.Cu *.Mask)
      (net 10 /PULLUPDP))
    (pad 10 thru_hole circle (at 2.54 10.16) (size 2 2) (drill 1.02) (layers *.Cu *.Mask)
      (net 6 /SENSE1))
    (pad 8 thru_hole circle (at 2.54 7.62) (size 2 2) (drill 1.02) (layers *.Cu *.Mask)
      (net 15 /USB_OE_L))
    (pad 6 thru_hole circle (at 2.54 5.08) (size 2 2) (drill 1.02) (layers *.Cu *.Mask)
      (net 13 /D_RX))
    (pad 4 thru_hole circle (at 2.54 2.54) (size 2 2) (drill 1.02) (layers *.Cu *.Mask)
