(kicad_pcb (version 20171130) (host pcbnew 5.0.2-bee76a0~70~ubuntu18.04.1)

  (general
    (thickness 1.6)
    (drawings 5)
    (tracks 146)
    (zones 0)
    (modules 13)
    (nets 19)
  )

  (page A4)
  (layers
    (0 F.Cu signal)
    (31 B.Cu mixed)
    (32 B.Adhes user)
    (33 F.Adhes user)
    (34 B.Paste user)
    (35 F.Paste user)
    (36 B.SilkS user)
    (37 F.SilkS user)
    (38 B.Mask user)
    (39 F.Mask user)
    (44 Edge.Cuts user)
    (45 Margin user)
    (46 B.CrtYd user)
    (47 F.CrtYd user)
    (48 B.Fab user hide)
    (49 F.Fab user hide)
  )

  (setup
    (last_trace_width 0.25)
    (trace_clearance 0.2)
    (zone_clearance 0.508)
    (zone_45_only no)
    (trace_min 0.2)
    (segment_width 0.2)
    (edge_width 0.15)
    (via_size 0.8)
    (via_drill 0.4)
    (via_min_size 0.4)
    (via_min_drill 0.3)
    (uvia_size 0.3)
    (uvia_drill 0.1)
    (uvias_allowed no)
    (uvia_min_size 0.2)
    (uvia_min_drill 0.1)
    (pcb_text_width 0.3)
    (pcb_text_size 1.5 1.5)
    (mod_edge_width 0.15)
    (mod_text_size 1 1)
    (mod_text_width 0.15)
    (pad_size 1.524 1.524)
    (pad_drill 0.762)
    (pad_to_mask_clearance 0.051)
    (solder_mask_min_width 0.25)
    (aux_axis_origin 0 0)
    (visible_elements FFFFFF7F)
    (pcbplotparams
      (layerselection 0x010f0_ffffffff)
      (usegerberextensions false)
      (usegerberattributes false)
      (usegerberadvancedattributes false)
      (creategerberjobfile false)
      (excludeedgelayer true)
      (linewidth 0.100000)
      (plotframeref false)
      (viasonmask false)
      (mode 1)
      (useauxorigin false)
      (hpglpennumber 1)
      (hpglpenspeed 20)
      (hpglpendiameter 15.000000)
      (psnegative false)
      (psa4output false)
      (plotreference true)
      (plotvalue true)
      (plotinvisibletext false)
      (padsonsilk false)
      (subtractmaskfromsilk false)
      (outputformat 1)
      (mirror false)
      (drillshape 0)
      (scaleselection 1)
      (outputdirectory ""))
  )

  (net 0 "")
  (net 1 /VBUS2)
  (net 2 /SENSE2)
  (net 3 GND)
  (net 4 /DN1)
  (net 5 /DN1_R)
  (net 6 /DP1_R)
  (net 7 /DP1)
  (net 8 /DP2)
  (net 9 /DP2_R)
  (net 10 /DN2_R)
  (net 11 /DN2)
  (net 12 /VBUS)
  (net 13 /SENSE1)
  (net 14 /PULLUP1)
  (net 15 /PULLUP2)
  (net 16 "Net-(J1-Pad4)")
  (net 17 "Net-(J2-Pad4)")
  (net 18 +3V3)

  (net_class Default "This is the default net class."
    (clearance 0.2)
    (trace_width 0.25)
    (via_dia 0.8)
    (via_drill 0.4)
    (uvia_dia 0.3)
    (uvia_drill 0.1)
    (add_net +3V3)
    (add_net /DN1)
    (add_net /DN1_R)
    (add_net /DN2)
    (add_net /DN2_R)
    (add_net /DP1)
    (add_net /DP1_R)
    (add_net /DP2)
    (add_net /DP2_R)
    (add_net /PULLUP1)
    (add_net /PULLUP2)
    (add_net /SENSE1)
    (add_net /SENSE2)
    (add_net /VBUS)
    (add_net /VBUS2)
    (add_net GND)
    (add_net "Net-(J1-Pad4)")
    (add_net "Net-(J2-Pad4)")
  )

  (module digikey-footprints:USB_Micro_B_Female_10118193-0001LF (layer F.Cu) (tedit 5BD21A05) (tstamp 5C92B422)
    (at 81.44489 67.31 270)
    (descr http://portal.fciconnect.com/Comergent//fci/drawing/10118193.pdf)
    (path /5C8252B6)
    (fp_text reference J2 (at -5.08 0.16489 270) (layer F.SilkS)
      (effects (font (size 1 1) (thickness 0.15)))
    )
    (fp_text value 10118193-0001LF (at 0 4.5 270) (layer F.Fab)
      (effects (font (size 1 1) (thickness 0.15)))
    )
    (fp_line (start -4.25 -3.75) (end -4.25 3) (layer F.CrtYd) (width 0.05))
    (fp_line (start -4.25 3) (end 4.25 3) (layer F.CrtYd) (width 0.05))
    (fp_line (start -4.25 -3.75) (end 4.25 -3.75) (layer F.CrtYd) (width 0.05))
    (fp_line (start 4.25 -3.75) (end 4.25 3) (layer F.CrtYd) (width 0.05))
    (fp_line (start -3.93 2.75) (end -3.93 -2.34) (layer F.Fab) (width 0.1))
    (fp_line (start 3.93 -2.9) (end -3.37 -2.9) (layer F.Fab) (width 0.1))
    (fp_line (start -3.93 -2.34) (end -3.37 -2.9) (layer F.Fab) (width 0.1))
    (fp_text user %R (at 0.06 1.86 270) (layer F.Fab)
      (effects (font (size 1 1) (thickness 0.15)))
    )
    (fp_line (start -3.93 2.75) (end 3.93 2.75) (layer F.Fab) (width 0.1))
    (fp_line (start 3.93 2.75) (end 3.93 -2.9) (layer F.Fab) (width 0.1))
    (fp_line (start -4.05 -3.2) (end -4.05 -1.75) (layer F.SilkS) (width 0.1))
    (fp_line (start -4.05 -3.21) (end -2.4 -3.21) (layer F.SilkS) (width 0.1))
    (fp_line (start 4.06 -3.22) (end 2.4 -3.22) (layer F.SilkS) (width 0.1))
    (fp_line (start 4.06 -3.22) (end 4.06 -1.75) (layer F.SilkS) (width 0.1))
    (fp_line (start -4.013324 2.46) (end -4.013324 2.84) (layer F.SilkS) (width 0.1))
    (fp_line (start -4.013324 2.84) (end -3.643324 2.84) (layer F.SilkS) (width 0.1))
    (fp_line (start 4.014908 2.841848) (end 3.644908 2.841848) (layer F.SilkS) (width 0.1))
    (fp_line (start 4.014908 2.461848) (end 4.014908 2.841848) (layer F.SilkS) (width 0.1))
    (pad 3 smd rect (at 0 -2.675 270) (size 0.4 1.35) (layers F.Cu F.Paste F.Mask)
      (net 7 /DP1))
    (pad 4 smd rect (at 0.65 -2.675 270) (size 0.4 1.35) (layers F.Cu F.Paste F.Mask)
      (net 17 "Net-(J2-Pad4)"))
    (pad 5 smd rect (at 1.3 -2.675 270) (size 0.4 1.35) (layers F.Cu F.Paste F.Mask)
      (net 3 GND))
    (pad 2 smd rect (at -0.65 -2.675 270) (size 0.4 1.35) (layers F.Cu F.Paste F.Mask)
      (net 4 /DN1))
    (pad 1 smd rect (at -1.3 -2.675 270) (size 0.4 1.35) (layers F.Cu F.Paste F.Mask)
      (net 12 /VBUS))
    (pad SH thru_hole oval (at 3.3 0 270) (size 0.9 1.6) (drill oval 0.5 1.2) (layers *.Cu *.Mask)
      (net 3 GND))
    (pad SH thru_hole oval (at -3.3 0 270) (size 0.9 1.6) (drill oval 0.5 1.2) (layers *.Cu *.Mask)
      (net 3 GND))
    (pad SH smd rect (at -3.2 -2.45 270) (size 1.6 1.4) (layers F.Cu F.Paste F.Mask)
      (net 3 GND))
    (pad SH smd rect (at 3.2 -2.45 270) (size 1.6 1.4) (layers F.Cu F.Paste F.Mask)
      (net 3 GND))
    (pad SH smd rect (at -1.2 0 270) (size 1.9 1.9) (layers F.Cu F.Paste F.Mask)
      (net 3 GND))
    (pad SH smd rect (at 1.2 0 270) (size 1.9 1.9) (layers F.Cu F.Paste F.Mask)
      (net 3 GND))
  )

  (module Resistor_SMD:R_0805_2012Metric_Pad1.15x1.40mm_HandSolder (layer F.Cu) (tedit 5B36C52B) (tstamp 5C92AED6)
    (at 96.52 50.8 270)
    (descr "Resistor SMD 0805 (2012 Metric), square (rectangular) end terminal, IPC_7351 nominal with elongated pad for handsoldering. (Body size source: https://docs.google.com/spreadsheets/d/1BsfQQcO9C6DZCsRaXUlFlo91Tg2WpOkGARC1WS5S8t0/edit?usp=sharing), generated with kicad-footprint-generator")
    (tags "resistor handsolder")
    (path /5C84B0B0)
    (attr smd)
    (fp_text reference R1 (at -1.27 2.54 270) (layer F.SilkS)
      (effects (font (size 1 1) (thickness 0.15)))
    )
    (fp_text value 5k1 (at 0 1.65 270) (layer F.Fab)
      (effects (font (size 1 1) (thickness 0.15)))
    )
    (fp_line (start -1 0.6) (end -1 -0.6) (layer F.Fab) (width 0.1))
    (fp_line (start -1 -0.6) (end 1 -0.6) (layer F.Fab) (width 0.1))
    (fp_line (start 1 -0.6) (end 1 0.6) (layer F.Fab) (width 0.1))
    (fp_line (start 1 0.6) (end -1 0.6) (layer F.Fab) (width 0.1))
    (fp_line (start -0.261252 -0.71) (end 0.261252 -0.71) (layer F.SilkS) (width 0.12))
    (fp_line (start -0.261252 0.71) (end 0.261252 0.71) (layer F.SilkS) (width 0.12))
    (fp_line (start -1.85 0.95) (end -1.85 -0.95) (layer F.CrtYd) (width 0.05))
    (fp_line (start -1.85 -0.95) (end 1.85 -0.95) (layer F.CrtYd) (width 0.05))
    (fp_line (start 1.85 -0.95) (end 1.85 0.95) (layer F.CrtYd) (width 0.05))
    (fp_line (start 1.85 0.95) (end -1.85 0.95) (layer F.CrtYd) (width 0.05))
    (fp_text user %R (at 0 0 270) (layer F.Fab)
      (effects (font (size 0.5 0.5) (thickness 0.08)))
    )
    (pad 1 smd roundrect (at -1.025 0 270) (size 1.15 1.4) (layers F.Cu F.Paste F.Mask) (roundrect_rratio 0.217391)
      (net 1 /VBUS2))
    (pad 2 smd roundrect (at 1.025 0 270) (size 1.15 1.4) (layers F.Cu F.Paste F.Mask) (roundrect_rratio 0.217391)
      (net 2 /SENSE2))
    (model ${KISYS3DMOD}/Resistor_SMD.3dshapes/R_0805_2012Metric.wrl
      (at (xyz 0 0 0))
      (scale (xyz 1 1 1))
      (rotate (xyz 0 0 0))
    )
  )

  (module Resistor_SMD:R_0805_2012Metric_Pad1.15x1.40mm_HandSolder (layer F.Cu) (tedit 5B36C52B) (tstamp 5C92AEE7)
    (at 99.06 50.8 90)
    (descr "Resistor SMD 0805 (2012 Metric), square (rectangular) end terminal, IPC_7351 nominal with elongated pad for handsoldering. (Body size source: https://docs.google.com/spreadsheets/d/1BsfQQcO9C6DZCsRaXUlFlo91Tg2WpOkGARC1WS5S8t0/edit?usp=sharing), generated with kicad-footprint-generator")
    (tags "resistor handsolder")
    (path /5C84B0B7)
    (attr smd)
    (fp_text reference R2 (at 1.27 2.54 90) (layer F.SilkS)
      (effects (font (size 1 1) (thickness 0.15)))
    )
    (fp_text value 5k1 (at 0 1.65 90) (layer F.Fab)
      (effects (font (size 1 1) (thickness 0.15)))
    )
    (fp_text user %R (at 0 0 90) (layer F.Fab)
      (effects (font (size 0.5 0.5) (thickness 0.08)))
    )
    (fp_line (start 1.85 0.95) (end -1.85 0.95) (layer F.CrtYd) (width 0.05))
    (fp_line (start 1.85 -0.95) (end 1.85 0.95) (layer F.CrtYd) (width 0.05))
    (fp_line (start -1.85 -0.95) (end 1.85 -0.95) (layer F.CrtYd) (width 0.05))
    (fp_line (start -1.85 0.95) (end -1.85 -0.95) (layer F.CrtYd) (width 0.05))
    (fp_line (start -0.261252 0.71) (end 0.261252 0.71) (layer F.SilkS) (width 0.12))
    (fp_line (start -0.261252 -0.71) (end 0.261252 -0.71) (layer F.SilkS) (width 0.12))
    (fp_line (start 1 0.6) (end -1 0.6) (layer F.Fab) (width 0.1))
    (fp_line (start 1 -0.6) (end 1 0.6) (layer F.Fab) (width 0.1))
    (fp_line (start -1 -0.6) (end 1 -0.6) (layer F.Fab) (width 0.1))
    (fp_line (start -1 0.6) (end -1 -0.6) (layer F.Fab) (width 0.1))
    (pad 2 smd roundrect (at 1.025 0 90) (size 1.15 1.4) (layers F.Cu F.Paste F.Mask) (roundrect_rratio 0.217391)
      (net 3 GND))
    (pad 1 smd roundrect (at -1.025 0 90) (size 1.15 1.4) (layers F.Cu F.Paste F.Mask) (roundrect_rratio 0.217391)
      (net 2 /SENSE2))
    (model ${KISYS3DMOD}/Resistor_SMD.3dshapes/R_0805_2012Metric.wrl
      (at (xyz 0 0 0))
      (scale (xyz 1 1 1))
      (rotate (xyz 0 0 0))
    )
  )

  (module Resistor_SMD:R_0805_2012Metric_Pad1.15x1.40mm_HandSolder (layer F.Cu) (tedit 5B36C52B) (tstamp 5C92AEF8)
    (at 94.225 62.23 180)
    (descr "Resistor SMD 0805 (2012 Metric), square (rectangular) end terminal, IPC_7351 nominal with elongated pad for handsoldering. (Body size source: https://docs.google.com/spreadsheets/d/1BsfQQcO9C6DZCsRaXUlFlo91Tg2WpOkGARC1WS5S8t0/edit?usp=sharing), generated with kicad-footprint-generator")
    (tags "resistor handsolder")
    (path /5C7E6727)
    (attr smd)
    (fp_text reference R3 (at 2.785 0 180) (layer F.SilkS)
      (effects (font (size 1 1) (thickness 0.15)))
    )
    (fp_text value 22R (at 0 1.65 180) (layer F.Fab)
      (effects (font (size 1 1) (thickness 0.15)))
    )
    (fp_text user %R (at 0 0 180) (layer F.Fab)
      (effects (font (size 0.5 0.5) (thickness 0.08)))
    )
    (fp_line (start 1.85 0.95) (end -1.85 0.95) (layer F.CrtYd) (width 0.05))
    (fp_line (start 1.85 -0.95) (end 1.85 0.95) (layer F.CrtYd) (width 0.05))
    (fp_line (start -1.85 -0.95) (end 1.85 -0.95) (layer F.CrtYd) (width 0.05))
    (fp_line (start -1.85 0.95) (end -1.85 -0.95) (layer F.CrtYd) (width 0.05))
    (fp_line (start -0.261252 0.71) (end 0.261252 0.71) (layer F.SilkS) (width 0.12))
    (fp_line (start -0.261252 -0.71) (end 0.261252 -0.71) (layer F.SilkS) (width 0.12))
    (fp_line (start 1 0.6) (end -1 0.6) (layer F.Fab) (width 0.1))
    (fp_line (start 1 -0.6) (end 1 0.6) (layer F.Fab) (width 0.1))
    (fp_line (start -1 -0.6) (end 1 -0.6) (layer F.Fab) (width 0.1))
    (fp_line (start -1 0.6) (end -1 -0.6) (layer F.Fab) (width 0.1))
    (pad 2 smd roundrect (at 1.025 0 180) (size 1.15 1.4) (layers F.Cu F.Paste F.Mask) (roundrect_rratio 0.217391)
      (net 4 /DN1))
    (pad 1 smd roundrect (at -1.025 0 180) (size 1.15 1.4) (layers F.Cu F.Paste F.Mask) (roundrect_rratio 0.217391)
      (net 5 /DN1_R))
    (model ${KISYS3DMOD}/Resistor_SMD.3dshapes/R_0805_2012Metric.wrl
      (at (xyz 0 0 0))
      (scale (xyz 1 1 1))
      (rotate (xyz 0 0 0))
    )
  )

  (module Resistor_SMD:R_0805_2012Metric_Pad1.15x1.40mm_HandSolder (layer F.Cu) (tedit 5B36C52B) (tstamp 5C92AF09)
    (at 94.225 64.77 180)
    (descr "Resistor SMD 0805 (2012 Metric), square (rectangular) end terminal, IPC_7351 nominal with elongated pad for handsoldering. (Body size source: https://docs.google.com/spreadsheets/d/1BsfQQcO9C6DZCsRaXUlFlo91Tg2WpOkGARC1WS5S8t0/edit?usp=sharing), generated with kicad-footprint-generator")
    (tags "resistor handsolder")
    (path /5C7E65B5)
    (attr smd)
    (fp_text reference R4 (at 2.785 0 180) (layer F.SilkS)
      (effects (font (size 1 1) (thickness 0.15)))
    )
    (fp_text value 22R (at 0 1.65 180) (layer F.Fab)
      (effects (font (size 1 1) (thickness 0.15)))
    )
    (fp_line (start -1 0.6) (end -1 -0.6) (layer F.Fab) (width 0.1))
    (fp_line (start -1 -0.6) (end 1 -0.6) (layer F.Fab) (width 0.1))
    (fp_line (start 1 -0.6) (end 1 0.6) (layer F.Fab) (width 0.1))
    (fp_line (start 1 0.6) (end -1 0.6) (layer F.Fab) (width 0.1))
    (fp_line (start -0.261252 -0.71) (end 0.261252 -0.71) (layer F.SilkS) (width 0.12))
    (fp_line (start -0.261252 0.71) (end 0.261252 0.71) (layer F.SilkS) (width 0.12))
    (fp_line (start -1.85 0.95) (end -1.85 -0.95) (layer F.CrtYd) (width 0.05))
    (fp_line (start -1.85 -0.95) (end 1.85 -0.95) (layer F.CrtYd) (width 0.05))
    (fp_line (start 1.85 -0.95) (end 1.85 0.95) (layer F.CrtYd) (width 0.05))
    (fp_line (start 1.85 0.95) (end -1.85 0.95) (layer F.CrtYd) (width 0.05))
    (fp_text user %R (at 0 0 180) (layer F.Fab)
      (effects (font (size 0.5 0.5) (thickness 0.08)))
    )
    (pad 1 smd roundrect (at -1.025 0 180) (size 1.15 1.4) (layers F.Cu F.Paste F.Mask) (roundrect_rratio 0.217391)
      (net 6 /DP1_R))
    (pad 2 smd roundrect (at 1.025 0 180) (size 1.15 1.4) (layers F.Cu F.Paste F.Mask) (roundrect_rratio 0.217391)
      (net 7 /DP1))
    (model ${KISYS3DMOD}/Resistor_SMD.3dshapes/R_0805_2012Metric.wrl
      (at (xyz 0 0 0))
      (scale (xyz 1 1 1))
      (rotate (xyz 0 0 0))
    )
  )

  (module Resistor_SMD:R_0805_2012Metric_Pad1.15x1.40mm_HandSolder (layer F.Cu) (tedit 5B36C52B) (tstamp 5C92AF1A)
    (at 91.44 55.88 180)
    (descr "Resistor SMD 0805 (2012 Metric), square (rectangular) end terminal, IPC_7351 nominal with elongated pad for handsoldering. (Body size source: https://docs.google.com/spreadsheets/d/1BsfQQcO9C6DZCsRaXUlFlo91Tg2WpOkGARC1WS5S8t0/edit?usp=sharing), generated with kicad-footprint-generator")
    (tags "resistor handsolder")
    (path /5C7E7B21)
    (attr smd)
    (fp_text reference R5 (at 0 -1.65 180) (layer F.SilkS)
      (effects (font (size 1 1) (thickness 0.15)))
    )
    (fp_text value 22R (at 0 1.65 180) (layer F.Fab)
      (effects (font (size 1 1) (thickness 0.15)))
    )
    (fp_text user %R (at 0 0 180) (layer F.Fab)
      (effects (font (size 0.5 0.5) (thickness 0.08)))
    )
    (fp_line (start 1.85 0.95) (end -1.85 0.95) (layer F.CrtYd) (width 0.05))
    (fp_line (start 1.85 -0.95) (end 1.85 0.95) (layer F.CrtYd) (width 0.05))
    (fp_line (start -1.85 -0.95) (end 1.85 -0.95) (layer F.CrtYd) (width 0.05))
    (fp_line (start -1.85 0.95) (end -1.85 -0.95) (layer F.CrtYd) (width 0.05))
    (fp_line (start -0.261252 0.71) (end 0.261252 0.71) (layer F.SilkS) (width 0.12))
    (fp_line (start -0.261252 -0.71) (end 0.261252 -0.71) (layer F.SilkS) (width 0.12))
    (fp_line (start 1 0.6) (end -1 0.6) (layer F.Fab) (width 0.1))
    (fp_line (start 1 -0.6) (end 1 0.6) (layer F.Fab) (width 0.1))
    (fp_line (start -1 -0.6) (end 1 -0.6) (layer F.Fab) (width 0.1))
    (fp_line (start -1 0.6) (end -1 -0.6) (layer F.Fab) (width 0.1))
    (pad 2 smd roundrect (at 1.025 0 180) (size 1.15 1.4) (layers F.Cu F.Paste F.Mask) (roundrect_rratio 0.217391)
      (net 8 /DP2))
    (pad 1 smd roundrect (at -1.025 0 180) (size 1.15 1.4) (layers F.Cu F.Paste F.Mask) (roundrect_rratio 0.217391)
      (net 9 /DP2_R))
    (model ${KISYS3DMOD}/Resistor_SMD.3dshapes/R_0805_2012Metric.wrl
      (at (xyz 0 0 0))
      (scale (xyz 1 1 1))
      (rotate (xyz 0 0 0))
    )
  )

  (module Resistor_SMD:R_0805_2012Metric_Pad1.15x1.40mm_HandSolder (layer F.Cu) (tedit 5B36C52B) (tstamp 5C92AF2B)
    (at 91.44 52.07 180)
    (descr "Resistor SMD 0805 (2012 Metric), square (rectangular) end terminal, IPC_7351 nominal with elongated pad for handsoldering. (Body size source: https://docs.google.com/spreadsheets/d/1BsfQQcO9C6DZCsRaXUlFlo91Tg2WpOkGARC1WS5S8t0/edit?usp=sharing), generated with kicad-footprint-generator")
    (tags "resistor handsolder")
    (path /5C7E7B28)
    (attr smd)
    (fp_text reference R6 (at 0 -1.65 180) (layer F.SilkS)
      (effects (font (size 1 1) (thickness 0.15)))
    )
    (fp_text value 22R (at 0 1.65 180) (layer F.Fab)
      (effects (font (size 1 1) (thickness 0.15)))
    )
    (fp_line (start -1 0.6) (end -1 -0.6) (layer F.Fab) (width 0.1))
    (fp_line (start -1 -0.6) (end 1 -0.6) (layer F.Fab) (width 0.1))
    (fp_line (start 1 -0.6) (end 1 0.6) (layer F.Fab) (width 0.1))
    (fp_line (start 1 0.6) (end -1 0.6) (layer F.Fab) (width 0.1))
    (fp_line (start -0.261252 -0.71) (end 0.261252 -0.71) (layer F.SilkS) (width 0.12))
    (fp_line (start -0.261252 0.71) (end 0.261252 0.71) (layer F.SilkS) (width 0.12))
    (fp_line (start -1.85 0.95) (end -1.85 -0.95) (layer F.CrtYd) (width 0.05))
    (fp_line (start -1.85 -0.95) (end 1.85 -0.95) (layer F.CrtYd) (width 0.05))
    (fp_line (start 1.85 -0.95) (end 1.85 0.95) (layer F.CrtYd) (width 0.05))
    (fp_line (start 1.85 0.95) (end -1.85 0.95) (layer F.CrtYd) (width 0.05))
    (fp_text user %R (at 0 0 180) (layer F.Fab)
      (effects (font (size 0.5 0.5) (thickness 0.08)))
    )
    (pad 1 smd roundrect (at -1.025 0 180) (size 1.15 1.4) (layers F.Cu F.Paste F.Mask) (roundrect_rratio 0.217391)
      (net 10 /DN2_R))
    (pad 2 smd roundrect (at 1.025 0 180) (size 1.15 1.4) (layers F.Cu F.Paste F.Mask) (roundrect_rratio 0.217391)
      (net 11 /DN2))
    (model ${KISYS3DMOD}/Resistor_SMD.3dshapes/R_0805_2012Metric.wrl
      (at (xyz 0 0 0))
      (scale (xyz 1 1 1))
      (rotate (xyz 0 0 0))
    )
  )

  (module Resistor_SMD:R_0805_2012Metric_Pad1.15x1.40mm_HandSolder (layer F.Cu) (tedit 5B36C52B) (tstamp 5C92AF3C)
    (at 96.52 58.42 90)
    (descr "Resistor SMD 0805 (2012 Metric), square (rectangular) end terminal, IPC_7351 nominal with elongated pad for handsoldering. (Body size source: https://docs.google.com/spreadsheets/d/1BsfQQcO9C6DZCsRaXUlFlo91Tg2WpOkGARC1WS5S8t0/edit?usp=sharing), generated with kicad-footprint-generator")
    (tags "resistor handsolder")
    (path /5C7F09F9)
    (attr smd)
    (fp_text reference R7 (at 3.81 0 90) (layer F.SilkS)
      (effects (font (size 1 1) (thickness 0.15)))
    )
    (fp_text value 5k1 (at 0 1.65 90) (layer F.Fab)
      (effects (font (size 1 1) (thickness 0.15)))
    )
    (fp_line (start -1 0.6) (end -1 -0.6) (layer F.Fab) (width 0.1))
    (fp_line (start -1 -0.6) (end 1 -0.6) (layer F.Fab) (width 0.1))
    (fp_line (start 1 -0.6) (end 1 0.6) (layer F.Fab) (width 0.1))
    (fp_line (start 1 0.6) (end -1 0.6) (layer F.Fab) (width 0.1))
    (fp_line (start -0.261252 -0.71) (end 0.261252 -0.71) (layer F.SilkS) (width 0.12))
    (fp_line (start -0.261252 0.71) (end 0.261252 0.71) (layer F.SilkS) (width 0.12))
    (fp_line (start -1.85 0.95) (end -1.85 -0.95) (layer F.CrtYd) (width 0.05))
    (fp_line (start -1.85 -0.95) (end 1.85 -0.95) (layer F.CrtYd) (width 0.05))
    (fp_line (start 1.85 -0.95) (end 1.85 0.95) (layer F.CrtYd) (width 0.05))
    (fp_line (start 1.85 0.95) (end -1.85 0.95) (layer F.CrtYd) (width 0.05))
    (fp_text user %R (at 0 0 90) (layer F.Fab)
      (effects (font (size 0.5 0.5) (thickness 0.08)))
    )
    (pad 1 smd roundrect (at -1.025 0 90) (size 1.15 1.4) (layers F.Cu F.Paste F.Mask) (roundrect_rratio 0.217391)
      (net 12 /VBUS))
    (pad 2 smd roundrect (at 1.025 0 90) (size 1.15 1.4) (layers F.Cu F.Paste F.Mask) (roundrect_rratio 0.217391)
      (net 13 /SENSE1))
    (model ${KISYS3DMOD}/Resistor_SMD.3dshapes/R_0805_2012Metric.wrl
      (at (xyz 0 0 0))
      (scale (xyz 1 1 1))
      (rotate (xyz 0 0 0))
    )
  )

  (module Resistor_SMD:R_0805_2012Metric_Pad1.15x1.40mm_HandSolder (layer F.Cu) (tedit 5B36C52B) (tstamp 5C92AF4D)
    (at 99.06 58.42 270)
    (descr "Resistor SMD 0805 (2012 Metric), square (rectangular) end terminal, IPC_7351 nominal with elongated pad for handsoldering. (Body size source: https://docs.google.com/spreadsheets/d/1BsfQQcO9C6DZCsRaXUlFlo91Tg2WpOkGARC1WS5S8t0/edit?usp=sharing), generated with kicad-footprint-generator")
    (tags "resistor handsolder")
    (path /5C7F0A6A)
    (attr smd)
    (fp_text reference R8 (at -3.81 0 270) (layer F.SilkS)
      (effects (font (size 1 1) (thickness 0.15)))
    )
    (fp_text value 5k1 (at 0 1.65 270) (layer F.Fab)
      (effects (font (size 1 1) (thickness 0.15)))
    )
    (fp_text user %R (at 0 0 270) (layer F.Fab)
      (effects (font (size 0.5 0.5) (thickness 0.08)))
    )
    (fp_line (start 1.85 0.95) (end -1.85 0.95) (layer F.CrtYd) (width 0.05))
    (fp_line (start 1.85 -0.95) (end 1.85 0.95) (layer F.CrtYd) (width 0.05))
    (fp_line (start -1.85 -0.95) (end 1.85 -0.95) (layer F.CrtYd) (width 0.05))
    (fp_line (start -1.85 0.95) (end -1.85 -0.95) (layer F.CrtYd) (width 0.05))
    (fp_line (start -0.261252 0.71) (end 0.261252 0.71) (layer F.SilkS) (width 0.12))
    (fp_line (start -0.261252 -0.71) (end 0.261252 -0.71) (layer F.SilkS) (width 0.12))
    (fp_line (start 1 0.6) (end -1 0.6) (layer F.Fab) (width 0.1))
    (fp_line (start 1 -0.6) (end 1 0.6) (layer F.Fab) (width 0.1))
    (fp_line (start -1 -0.6) (end 1 -0.6) (layer F.Fab) (width 0.1))
    (fp_line (start -1 0.6) (end -1 -0.6) (layer F.Fab) (width 0.1))
    (pad 2 smd roundrect (at 1.025 0 270) (size 1.15 1.4) (layers F.Cu F.Paste F.Mask) (roundrect_rratio 0.217391)
      (net 3 GND))
    (pad 1 smd roundrect (at -1.025 0 270) (size 1.15 1.4) (layers F.Cu F.Paste F.Mask) (roundrect_rratio 0.217391)
      (net 13 /SENSE1))
    (model ${KISYS3DMOD}/Resistor_SMD.3dshapes/R_0805_2012Metric.wrl
      (at (xyz 0 0 0))
      (scale (xyz 1 1 1))
      (rotate (xyz 0 0 0))
    )
  )

  (module Resistor_SMD:R_0805_2012Metric_Pad1.15x1.40mm_HandSolder (layer F.Cu) (tedit 5B36C52B) (tstamp 5C92AF5E)
    (at 88.9 66.04 270)
    (descr "Resistor SMD 0805 (2012 Metric), square (rectangular) end terminal, IPC_7351 nominal with elongated pad for handsoldering. (Body size source: https://docs.google.com/spreadsheets/d/1BsfQQcO9C6DZCsRaXUlFlo91Tg2WpOkGARC1WS5S8t0/edit?usp=sharing), generated with kicad-footprint-generator")
    (tags "resistor handsolder")
    (path /5C7E74B9)
    (attr smd)
    (fp_text reference R9 (at 3.81 0 270) (layer F.SilkS)
      (effects (font (size 1 1) (thickness 0.15)))
    )
    (fp_text value 1k5 (at 0 1.65 270) (layer F.Fab)
      (effects (font (size 1 1) (thickness 0.15)))
    )
    (fp_line (start -1 0.6) (end -1 -0.6) (layer F.Fab) (width 0.1))
    (fp_line (start -1 -0.6) (end 1 -0.6) (layer F.Fab) (width 0.1))
    (fp_line (start 1 -0.6) (end 1 0.6) (layer F.Fab) (width 0.1))
    (fp_line (start 1 0.6) (end -1 0.6) (layer F.Fab) (width 0.1))
    (fp_line (start -0.261252 -0.71) (end 0.261252 -0.71) (layer F.SilkS) (width 0.12))
    (fp_line (start -0.261252 0.71) (end 0.261252 0.71) (layer F.SilkS) (width 0.12))
    (fp_line (start -1.85 0.95) (end -1.85 -0.95) (layer F.CrtYd) (width 0.05))
    (fp_line (start -1.85 -0.95) (end 1.85 -0.95) (layer F.CrtYd) (width 0.05))
    (fp_line (start 1.85 -0.95) (end 1.85 0.95) (layer F.CrtYd) (width 0.05))
    (fp_line (start 1.85 0.95) (end -1.85 0.95) (layer F.CrtYd) (width 0.05))
    (fp_text user %R (at 0 0 270) (layer F.Fab)
      (effects (font (size 0.5 0.5) (thickness 0.08)))
    )
    (pad 1 smd roundrect (at -1.025 0 270) (size 1.15 1.4) (layers F.Cu F.Paste F.Mask) (roundrect_rratio 0.217391)
      (net 14 /PULLUP1))
    (pad 2 smd roundrect (at 1.025 0 270) (size 1.15 1.4) (layers F.Cu F.Paste F.Mask) (roundrect_rratio 0.217391)
      (net 7 /DP1))
    (model ${KISYS3DMOD}/Resistor_SMD.3dshapes/R_0805_2012Metric.wrl
      (at (xyz 0 0 0))
      (scale (xyz 1 1 1))
      (rotate (xyz 0 0 0))
    )
  )

  (module Resistor_SMD:R_0805_2012Metric_Pad1.15x1.40mm_HandSolder (layer F.Cu) (tedit 5B36C52B) (tstamp 5C92AF6F)
    (at 87.63 54.61 270)
    (descr "Resistor SMD 0805 (2012 Metric), square (rectangular) end terminal, IPC_7351 nominal with elongated pad for handsoldering. (Body size source: https://docs.google.com/spreadsheets/d/1BsfQQcO9C6DZCsRaXUlFlo91Tg2WpOkGARC1WS5S8t0/edit?usp=sharing), generated with kicad-footprint-generator")
    (tags "resistor handsolder")
    (path /5C7E88E5)
    (attr smd)
    (fp_text reference R10 (at 3.81 0 270) (layer F.SilkS)
      (effects (font (size 1 1) (thickness 0.15)))
    )
    (fp_text value 1k5 (at 0 1.65 270) (layer F.Fab)
      (effects (font (size 1 1) (thickness 0.15)))
    )
    (fp_text user %R (at 0 0 270) (layer F.Fab)
      (effects (font (size 0.5 0.5) (thickness 0.08)))
    )
    (fp_line (start 1.85 0.95) (end -1.85 0.95) (layer F.CrtYd) (width 0.05))
    (fp_line (start 1.85 -0.95) (end 1.85 0.95) (layer F.CrtYd) (width 0.05))
    (fp_line (start -1.85 -0.95) (end 1.85 -0.95) (layer F.CrtYd) (width 0.05))
    (fp_line (start -1.85 0.95) (end -1.85 -0.95) (layer F.CrtYd) (width 0.05))
    (fp_line (start -0.261252 0.71) (end 0.261252 0.71) (layer F.SilkS) (width 0.12))
    (fp_line (start -0.261252 -0.71) (end 0.261252 -0.71) (layer F.SilkS) (width 0.12))
    (fp_line (start 1 0.6) (end -1 0.6) (layer F.Fab) (width 0.1))
    (fp_line (start 1 -0.6) (end 1 0.6) (layer F.Fab) (width 0.1))
    (fp_line (start -1 -0.6) (end 1 -0.6) (layer F.Fab) (width 0.1))
    (fp_line (start -1 0.6) (end -1 -0.6) (layer F.Fab) (width 0.1))
    (pad 2 smd roundrect (at 1.025 0 270) (size 1.15 1.4) (layers F.Cu F.Paste F.Mask) (roundrect_rratio 0.217391)
      (net 8 /DP2))
    (pad 1 smd roundrect (at -1.025 0 270) (size 1.15 1.4) (layers F.Cu F.Paste F.Mask) (roundrect_rratio 0.217391)
      (net 15 /PULLUP2))
    (model ${KISYS3DMOD}/Resistor_SMD.3dshapes/R_0805_2012Metric.wrl
      (at (xyz 0 0 0))
      (scale (xyz 1 1 1))
      (rotate (xyz 0 0 0))
    )
  )

  (module digikey-footprints:USB_Micro_B_Female_10118193-0001LF (layer F.Cu) (tedit 5BD21A05) (tstamp 5C92B401)
    (at 81.44489 52.07 270)
    (descr http://portal.fciconnect.com/Comergent//fci/drawing/10118193.pdf)
    (path /5C830207)
    (fp_text reference J1 (at 5.08 0.16489 270) (layer F.SilkS)
      (effects (font (size 1 1) (thickness 0.15)))
    )
    (fp_text value 10118193-0001LF (at 0 4.5 270) (layer F.Fab)
      (effects (font (size 1 1) (thickness 0.15)))
    )
    (fp_line (start 4.014908 2.461848) (end 4.014908 2.841848) (layer F.SilkS) (width 0.1))
    (fp_line (start 4.014908 2.841848) (end 3.644908 2.841848) (layer F.SilkS) (width 0.1))
    (fp_line (start -4.013324 2.84) (end -3.643324 2.84) (layer F.SilkS) (width 0.1))
    (fp_line (start -4.013324 2.46) (end -4.013324 2.84) (layer F.SilkS) (width 0.1))
    (fp_line (start 4.06 -3.22) (end 4.06 -1.75) (layer F.SilkS) (width 0.1))
    (fp_line (start 4.06 -3.22) (end 2.4 -3.22) (layer F.SilkS) (width 0.1))
    (fp_line (start -4.05 -3.21) (end -2.4 -3.21) (layer F.SilkS) (width 0.1))
    (fp_line (start -4.05 -3.2) (end -4.05 -1.75) (layer F.SilkS) (width 0.1))
    (fp_line (start 3.93 2.75) (end 3.93 -2.9) (layer F.Fab) (width 0.1))
    (fp_line (start -3.93 2.75) (end 3.93 2.75) (layer F.Fab) (width 0.1))
    (fp_text user %R (at 0.06 1.86 270) (layer F.Fab)
      (effects (font (size 1 1) (thickness 0.15)))
    )
    (fp_line (start -3.93 -2.34) (end -3.37 -2.9) (layer F.Fab) (width 0.1))
    (fp_line (start 3.93 -2.9) (end -3.37 -2.9) (layer F.Fab) (width 0.1))
    (fp_line (start -3.93 2.75) (end -3.93 -2.34) (layer F.Fab) (width 0.1))
    (fp_line (start 4.25 -3.75) (end 4.25 3) (layer F.CrtYd) (width 0.05))
    (fp_line (start -4.25 -3.75) (end 4.25 -3.75) (layer F.CrtYd) (width 0.05))
    (fp_line (start -4.25 3) (end 4.25 3) (layer F.CrtYd) (width 0.05))
    (fp_line (start -4.25 -3.75) (end -4.25 3) (layer F.CrtYd) (width 0.05))
    (pad SH smd rect (at 1.2 0 270) (size 1.9 1.9) (layers F.Cu F.Paste F.Mask)
      (net 3 GND))
    (pad SH smd rect (at -1.2 0 270) (size 1.9 1.9) (layers F.Cu F.Paste F.Mask)
      (net 3 GND))
    (pad SH smd rect (at 3.2 -2.45 270) (size 1.6 1.4) (layers F.Cu F.Paste F.Mask)
      (net 3 GND))
    (pad SH smd rect (at -3.2 -2.45 270) (size 1.6 1.4) (layers F.Cu F.Paste F.Mask)
      (net 3 GND))
    (pad SH thru_hole oval (at -3.3 0 270) (size 0.9 1.6) (drill oval 0.5 1.2) (layers *.Cu *.Mask)
      (net 3 GND))
    (pad SH thru_hole oval (at 3.3 0 270) (size 0.9 1.6) (drill oval 0.5 1.2) (layers *.Cu *.Mask)
      (net 3 GND))
    (pad 1 smd rect (at -1.3 -2.675 270) (size 0.4 1.35) (layers F.Cu F.Paste F.Mask)
      (net 1 /VBUS2))
    (pad 2 smd rect (at -0.65 -2.675 270) (size 0.4 1.35) (layers F.Cu F.Paste F.Mask)
      (net 11 /DN2))
    (pad 5 smd rect (at 1.3 -2.675 270) (size 0.4 1.35) (layers F.Cu F.Paste F.Mask)
      (net 3 GND))
    (pad 4 smd rect (at 0.65 -2.675 270) (size 0.4 1.35) (layers F.Cu F.Paste F.Mask)
      (net 16 "Net-(J1-Pad4)"))
    (pad 3 smd rect (at 0 -2.675 270) (size 0.4 1.35) (layers F.Cu F.Paste F.Mask)
      (net 8 /DP2))
  )

  (module digikey-footprints:PinHeader_6x2_P2.54mm_Horizontal (layer F.Cu) (tedit 5B18017E) (tstamp 5C92B444)
    (at 104.14 52.07)
    (descr http://portal.fciconnect.com/Comergent//fci/drawing/68020.pdf)
    (path /5C7E600E)
    (fp_text reference J3 (at 2.54 -3.81) (layer F.SilkS)
      (effects (font (size 1 1) (thickness 0.15)))
    )
    (fp_text value 68021-412HLF (at 1.6 15.8) (layer F.Fab)
      (effects (font (size 1 1) (thickness 0.15)))
    )
    (fp_line (start -1.4 -1.05) (end -1.04 -1.41) (layer F.SilkS) (width 0.1))
    (fp_line (start -1.27 -1) (end -1 -1.27) (layer F.Fab) (width 0.1))
    (fp_line (start -1.52 -1.52) (end 4.06 -1.52) (layer F.CrtYd) (width 0.05))
    (fp_line (start -1.52 14.22) (end 4.06 14.22) (layer F.CrtYd) (width 0.05))
    (fp_line (start -1.52 14.22) (end -1.52 -1.52) (layer F.CrtYd) (width 0.05))
    (fp_line (start 4.06 14.22) (end 4.06 -1.52) (layer F.CrtYd) (width 0.05))
    (fp_line (start 3.9 14.1) (end 3.9 13.7) (layer F.SilkS) (width 0.1))
    (fp_line (start 3.9 14.1) (end 3.5 14.1) (layer F.SilkS) (width 0.1))
    (fp_line (start -1.4 14.1) (end -1 14.1) (layer F.SilkS) (width 0.1))
    (fp_line (start -1.4 14.1) (end -1.4 13.7) (layer F.SilkS) (width 0.1))
    (fp_line (start -1.4 -1.05) (end -1.4 -0.6) (layer F.SilkS) (width 0.1))
    (fp_line (start -1.04 -1.41) (end -0.61 -1.41) (layer F.SilkS) (width 0.1))
    (fp_line (start 3.9 -1.4) (end 3.9 -1) (layer F.SilkS) (width 0.1))
    (fp_line (start 3.9 -1.4) (end 3.5 -1.4) (layer F.SilkS) (width 0.1))
    (fp_line (start 3.81 -1.27) (end 3.81 13.97) (layer F.Fab) (width 0.1))
    (fp_line (start -1.27 -1) (end -1.27 13.97) (layer F.Fab) (width 0.1))
    (fp_line (start -1.27 13.97) (end 3.81 13.97) (layer F.Fab) (width 0.1))
    (fp_line (start -1 -1.27) (end 3.81 -1.27) (layer F.Fab) (width 0.1))
    (pad 1 thru_hole circle (at 0 0) (size 2 2) (drill 1.02) (layers *.Cu *.Mask)
      (net 18 +3V3))
    (pad 3 thru_hole circle (at 0 2.54) (size 2 2) (drill 1.02) (layers *.Cu *.Mask)
      (net 3 GND))
    (pad 5 thru_hole circle (at 0 5.08) (size 2 2) (drill 1.02) (layers *.Cu *.Mask)
      (net 13 /SENSE1))
    (pad 7 thru_hole circle (at 0 7.62) (size 2 2) (drill 1.02) (layers *.Cu *.Mask)
      (net 14 /PULLUP1))
    (pad 9 thru_hole circle (at 0 10.16) (size 2 2) (drill 1.02) (layers *.Cu *.Mask)
      (net 5 /DN1_R))
    (pad 11 thru_hole circle (at 0 12.7) (size 2 2) (drill 1.02) (layers *.Cu *.Mask)
      (net 6 /DP1_R))
    (pad 12 thru_hole circle (at 2.54 12.7) (size 2 2) (drill 1.02) (layers *.Cu *.Mask)
      (net 9 /DP2_R))
    (pad 10 thru_hole circle (at 2.54 10.16) (size 2 2) (drill 1.02) (layers *.Cu *.Mask)
      (net 10 /DN2_R))
    (pad 8 thru_hole circle (at 2.54 7.62) (size 2 2) (drill 1.02) (layers *.Cu *.Mask)
      (net 15 /PULLUP2))
    (pad 6 thru_hole circle (at 2.54 5.08) (size 2 2) (drill 1.02) (layers *.Cu *.Mask)
      (net 2 /SENSE2))
    (pad 4 thru_hole circle (at 2.54 2.54) (size 2 2) (drill 1.02) (layers *.Cu *.Mask)
      (net 3 GND))
    (pad 2 thru_hole circle (at 2.54 0) (size 2 2) (drill 1.02) (layers *.Cu *.Mask)
      (net 18 +3V3))
  )

  (gr_text "Dual USB PMOD" (at 99.06 69.85) (layer F.SilkS)
    (effects (font (size 1.5 1.5) (thickness 0.3)))
  )
  (gr_line (start 78.74 72.39) (end 78.74 46.99) (layer Edge.Cuts) (width 0.15))
  (gr_line (start 109.22 72.39) (end 78.74 72.39) (layer Edge.Cuts) (width 0.15))
  (gr_line (start 109.22 46.99) (end 109.22 72.39) (layer Edge.Cuts) (width 0.15))
  (gr_line (start 78.74 46.99) (end 109.22 46.99) (layer Edge.Cuts) (width 0.15))

  (segment (start 95.72 49.775) (end 96.52 49.775) (width 0.25) (layer F.Cu) (net 1))
  (segment (start 84.59489 50.77) (end 85.58989 49.775) (width 0.25) (layer F.Cu) (net 1))
  (segment (start 85.58989 49.775) (end 96.99 49.775) (width 0.25) (layer F.Cu) (net 1))
  (segment (start 84.11989 50.77) (end 84.59489 50.77) (width 0.25) (layer F.Cu) (net 1))
  (segment (start 96.52 51.825) (end 99.06 51.825) (width 0.25) (layer F.Cu) (net 2))
  (segment (start 100.575 51.825) (end 99.06 51.825) (width 0.25) (layer F.Cu) (net 2))
  (segment (start 106.101002 49.53) (end 102.87 49.53) (width 0.25) (layer F.Cu) (net 2))
  (segment (start 108.005001 51.433999) (end 106.101002 49.53) (width 0.25) (layer F.Cu) (net 2))
  (segment (start 106.68 57.15) (end 108.005001 55.824999) (width 0.25) (layer F.Cu) (net 2))
  (segment (start 102.87 49.53) (end 100.575 51.825) (width 0.25) (layer F.Cu) (net 2))
  (segment (start 108.005001 55.824999) (end 108.005001 51.433999) (width 0.25) (layer F.Cu) (net 2))
  (segment (start 104.14 54.61) (end 106.68 54.61) (width 0.25) (layer B.Cu) (net 3))
  (segment (start 99.06 59.445) (end 99.604999 59.445) (width 0.25) (layer F.Cu) (net 3))
  (via (at 100.33 50.8) (size 0.8) (drill 0.4) (layers F.Cu B.Cu) (net 3))
  (segment (start 99.06 49.775) (end 99.305 49.775) (width 0.25) (layer F.Cu) (net 3))
  (segment (start 99.305 49.775) (end 100.33 50.8) (width 0.25) (layer F.Cu) (net 3))
  (via (at 100.33 59.69) (size 0.8) (drill 0.4) (layers F.Cu B.Cu) (net 3))
  (segment (start 99.06 59.445) (end 100.085 59.445) (width 0.25) (layer F.Cu) (net 3))
  (segment (start 100.085 59.445) (end 100.33 59.69) (width 0.25) (layer F.Cu) (net 3))
  (segment (start 81.54489 48.87) (end 81.44489 48.77) (width 0.25) (layer F.Cu) (net 3))
  (segment (start 83.89489 48.87) (end 81.54489 48.87) (width 0.25) (layer F.Cu) (net 3))
  (segment (start 81.99489 50.87) (end 81.44489 50.87) (width 0.25) (layer F.Cu) (net 3))
  (segment (start 83.89489 48.97) (end 81.99489 50.87) (width 0.25) (layer F.Cu) (net 3))
  (segment (start 83.89489 48.87) (end 83.89489 48.97) (width 0.25) (layer F.Cu) (net 3))
  (segment (start 81.44489 50.87) (end 81.44489 53.27) (width 0.25) (layer F.Cu) (net 3))
  (segment (start 82.94489 55.27) (end 83.89489 55.27) (width 0.25) (layer F.Cu) (net 3))
  (segment (start 82.24489 55.27) (end 82.94489 55.27) (width 0.25) (layer F.Cu) (net 3))
  (segment (start 81.44489 54.47) (end 82.24489 55.27) (width 0.25) (layer F.Cu) (net 3))
  (segment (start 81.44489 53.27) (end 81.44489 54.47) (width 0.25) (layer F.Cu) (net 3))
  (segment (start 81.44489 53.27) (end 81.44489 55.37) (width 0.25) (layer F.Cu) (net 3))
  (segment (start 81.54489 55.27) (end 81.44489 55.37) (width 0.25) (layer F.Cu) (net 3))
  (segment (start 83.89489 55.27) (end 81.54489 55.27) (width 0.25) (layer F.Cu) (net 3))
  (segment (start 81.44489 48.77) (end 81.44489 50.87) (width 0.25) (layer F.Cu) (net 3))
  (via (at 80.01 50.8) (size 0.8) (drill 0.4) (layers F.Cu B.Cu) (net 3))
  (segment (start 81.44489 50.87) (end 80.08 50.87) (width 0.25) (layer F.Cu) (net 3))
  (segment (start 80.08 50.87) (end 80.01 50.8) (width 0.25) (layer F.Cu) (net 3))
  (via (at 80.01 53.34) (size 0.8) (drill 0.4) (layers F.Cu B.Cu) (net 3))
  (segment (start 81.44489 53.27) (end 80.08 53.27) (width 0.25) (layer F.Cu) (net 3))
  (segment (start 80.08 53.27) (end 80.01 53.34) (width 0.25) (layer F.Cu) (net 3))
  (via (at 83.82 57.15) (size 0.8) (drill 0.4) (layers F.Cu B.Cu) (net 3))
  (segment (start 83.89489 55.27) (end 83.89489 57.07511) (width 0.25) (layer F.Cu) (net 3))
  (segment (start 83.89489 57.07511) (end 83.82 57.15) (width 0.25) (layer F.Cu) (net 3))
  (via (at 83.82 62.23) (size 0.8) (drill 0.4) (layers F.Cu B.Cu) (net 3))
  (segment (start 83.89489 64.11) (end 83.89489 62.30489) (width 0.25) (layer F.Cu) (net 3))
  (segment (start 83.89489 62.30489) (end 83.82 62.23) (width 0.25) (layer F.Cu) (net 3))
  (segment (start 81.99489 68.51) (end 81.44489 68.51) (width 0.25) (layer F.Cu) (net 3))
  (segment (start 83.89489 70.41) (end 81.99489 68.51) (width 0.25) (layer F.Cu) (net 3))
  (segment (start 83.89489 70.51) (end 83.89489 70.41) (width 0.25) (layer F.Cu) (net 3))
  (segment (start 81.54489 70.51) (end 81.44489 70.61) (width 0.25) (layer F.Cu) (net 3))
  (segment (start 83.89489 70.51) (end 81.54489 70.51) (width 0.25) (layer F.Cu) (net 3))
  (segment (start 81.44489 68.51) (end 81.44489 70.61) (width 0.25) (layer F.Cu) (net 3))
  (segment (start 81.44489 68.51) (end 81.44489 66.11) (width 0.25) (layer F.Cu) (net 3))
  (segment (start 81.44489 66.11) (end 81.44489 64.01) (width 0.25) (layer F.Cu) (net 3))
  (segment (start 81.54489 64.11) (end 81.44489 64.01) (width 0.25) (layer F.Cu) (net 3))
  (segment (start 83.89489 64.11) (end 81.54489 64.11) (width 0.25) (layer F.Cu) (net 3))
  (segment (start 81.99489 66.11) (end 81.44489 66.11) (width 0.25) (layer F.Cu) (net 3))
  (segment (start 83.89489 64.21) (end 81.99489 66.11) (width 0.25) (layer F.Cu) (net 3))
  (segment (start 83.89489 64.11) (end 83.89489 64.21) (width 0.25) (layer F.Cu) (net 3))
  (via (at 80.01 66.04) (size 0.8) (drill 0.4) (layers F.Cu B.Cu) (net 3))
  (segment (start 81.44489 66.11) (end 80.08 66.11) (width 0.25) (layer F.Cu) (net 3))
  (segment (start 80.08 66.11) (end 80.01 66.04) (width 0.25) (layer F.Cu) (net 3))
  (via (at 80.01 68.58) (size 0.8) (drill 0.4) (layers F.Cu B.Cu) (net 3))
  (segment (start 81.44489 68.51) (end 80.08 68.51) (width 0.25) (layer F.Cu) (net 3))
  (segment (start 80.08 68.51) (end 80.01 68.58) (width 0.25) (layer F.Cu) (net 3))
  (segment (start 84.11989 55.045) (end 83.89489 55.27) (width 0.25) (layer F.Cu) (net 3))
  (segment (start 84.11989 53.37) (end 84.11989 55.045) (width 0.25) (layer F.Cu) (net 3))
  (segment (start 84.11989 70.285) (end 83.89489 70.51) (width 0.25) (layer F.Cu) (net 3))
  (segment (start 84.11989 68.61) (end 84.11989 70.285) (width 0.25) (layer F.Cu) (net 3))
  (segment (start 81.54489 68.61) (end 81.44489 68.51) (width 0.25) (layer F.Cu) (net 3))
  (segment (start 84.11989 68.61) (end 81.54489 68.61) (width 0.25) (layer F.Cu) (net 3))
  (via (at 86.36 68.58) (size 0.8) (drill 0.4) (layers F.Cu B.Cu) (net 3))
  (segment (start 84.11989 68.61) (end 86.33 68.61) (width 0.25) (layer F.Cu) (net 3))
  (segment (start 86.33 68.61) (end 86.36 68.58) (width 0.25) (layer F.Cu) (net 3))
  (via (at 85.09 54.61) (size 0.8) (drill 0.4) (layers F.Cu B.Cu) (net 3))
  (segment (start 84.11989 53.37) (end 84.11989 53.63989) (width 0.25) (layer F.Cu) (net 3))
  (segment (start 84.11989 53.63989) (end 85.09 54.61) (width 0.25) (layer F.Cu) (net 3))
  (segment (start 90.17 62.23) (end 93.2 62.23) (width 0.25) (layer F.Cu) (net 4))
  (segment (start 90.17 62.23) (end 90.66 62.23) (width 0.25) (layer F.Cu) (net 4))
